19LOG_LIQ202108050000000000000000000000000000000000000000000000000000000000000000000000000000000000000000000000000000000000000000000000000000000000000000000000000000
25   543924021258200320210803105429000000021500001218898000000000000128600880901000753565                    000000215000000000000000002150484                       
25   543924021258200320210803105429000000021500001218898000000000000128600880901000753565                    000000215000000000000000002150484                       
25   543924022293500120210803110704000000789290000079684200000000012151604462201000753970                    000007892900000000000000078929484                       
25   543924022293500120210803110704000000789290000079684200000000012151604462201000753970                    000007892900000000000000078929484                       
25   543924022178500120210803150132000000597300000195486600000000047521944772801000762548                    000005973000000000000000059730484                       
25   543924022178500120210803150132000000597300000195486600000000047521944772801000762548                    000005973000000000000000059730484                       
25   543924021961800820210803172904000000202000000186839500000000000128709963601000768128                    000002020000000000000000020200484                       
25   543924021961800820210803172904000000202000000186839500000000000128709963601000768128                    000002020000000000000000020200484                       
25   543924021541700920210804013010000000538000001612732200000000093800534128701000780367                    000005380000000000000000053800484                       
25   543924021541700920210804013010000000538000001612732200000000093800534128701000780367                    000005380000000000000000053800484                       
25   543924021136600220210804050823000000425030001469613500000000000000004831701000781248                    000004269400000000000000042694484                       
25   543924021136600220210804050823000000425030001469613500000000000000004831701000781248                    000004269400000000000000042694484                       
25   5439240224881005202108040601170000000588900000201072UBER* PEN08040088514101000781410                    000000588900000000000000005889484                       
25   5439240224881005202108040601170000000588900000201072UBER* PEN08040088514101000781410                    000000588900000000000000005889484                       
25   543924021052200120210804061225000001298710001345857300000000000000000063501000781456                    000013045500000000000000130455484                       
25   543924021052200120210804061225000001298710001345857300000000000000000063501000781456                    000013045500000000000000130455484                       
25   543924021136600220210804061935000000236130001469613500000000000000000000601000781491                    000002371900000000000000023719484                       
25   543924021136600220210804061935000000236130001469613500000000000000000000601000781491                    000002371900000000000000023719484                       
25   543924022488100520210804090604000000069740000020107200000000067799843206701000783267                    000000697400000000000000006974484                       
25   543924022488100520210804090604000000069740000020107200000000067799843206701000783267                    000000697400000000000000006974484                       
25   543924021995000520210804100910000000055000000002277400000000010200711103801000784697                    000000550000000000000000005500484                       
25   543924021995000520210804100910000000055000000002277400000000010200711103801000784697                    000000550000000000000000005500484                       
25   543924020739600520210804115047000000847000000145442200000000000006568331401000787722                    000008470000000000000000084700484                       
25   543924020739600520210804115047000000847000000145442200000000000006568331401000787722                    000008470000000000000000084700484                       
25   543924021084600420210804115827000000500000000047093600000000077798842734601000787976                    000005000000000000000000050000484                       
25   543924021084600420210804115827000000500000000047093600000000077798842734601000787976                    000005000000000000000000050000484                       
25   543924022007100720210804120212000001522330000030834200000000012164444542101000788090                    000015223300000000000000152233484                       
25   543924022007100720210804120212000001522330000030834200000000012164444542101000788090                    000015223300000000000000152233484                       
25   543924021136600220210804121206000001114530001469613500000000000000002974501000788410                    000011195500000000000000111955484                       
25   543924021136600220210804121206000001114530001469613500000000000000002974501000788410                    000011195500000000000000111955484                       
25   543924021136600220210804124355000001925870001469613500000000000000000408801000789487                    000019345400000000000000193454484                       
25   543924021136600220210804124355000001925870001469613500000000000000000408801000789487                    000019345400000000000000193454484                       
25   543924021136600220210804124937000000069660001469613500000000000000000942601000789692                    000000699700000000000000006997484                       
25   543924021136600220210804124937000000069660001469613500000000000000000942601000789692                    000000699700000000000000006997484                       
25   543924020739600520210804142624000000721280000145442200000000012161900233801000793418                    000008392200000000000000083922484                       
25   543924020739600520210804142624000000721280000145442200000000012161900233801000793418                    000008392200000000000000083922484                       
25   543924022070500020210804143229000001500000000055892600000000000000000041601000793631                    000015000000000000000000150000484                       
25   543924022070500020210804143229000001500000000055892600000000000000000041601000793631                    000015000000000000000000150000484                       
25   543924029732000620210804143520000005519240000682671400000000000000000023901000793731                    000055192400000000000000551924484                       
25   543924029732000620210804143520000005519240000682671400000000000000000023901000793731                    000055192400000000000000551924484                       
25   543924022293500120210804150400000000160000000079684200000000021216091821501000794857                    000001600000000000000000016000484                       
25   543924022293500120210804150400000000160000000079684200000000021216091821501000794857                    000001600000000000000000016000484                       
25   5439240211471000202108041620440000000116000005638531000000000         67901000797482                    000000116000000000000000001160484                       
25   5439240211471000202108041620440000000116000005638531000000000         67901000797482                    000000116000000000000000001160484                       
25   5439240211471000202108041621430000050348000005638531000000000         68002000797523                    000050348000000000000000503480484                       
25   5439240211471000202108041621430000050348000005638531000000000         68002000797523                    000050348000000000000000503480484                       
25   54392402126360072021080417282700000070443000018557340000000007Qamo8XnjGn401000800009                    000007044300000000000000070443484                       
25   54392402126360072021080417282700000070443000018557340000000007Qamo8XnjGn401000800009                    000007044300000000000000070443484                       
25   543924021258200320210804180723000003238750001218898000000000000000000091301000801367                    000032387500000000000000323875484                       
25   543924021258200320210804180723000003238750001218898000000000000000000091301000801367                    000032387500000000000000323875484                       
25   543924021258200320210804180759000008584030001218898000000000000000000091401000801392                    000085840300000000000000858403484                       
25   543924021258200320210804180759000008584030001218898000000000000000000091401000801392                    000085840300000000000000858403484                       
25   543924022062900220210804190511000000400300000029661800000000077798860372301000803701                    000004003000000000000000040030484                       
25   543924022062900220210804190511000000400300000029661800000000077798860372301000803701                    000004003000000000000000040030484                       
25   543924021961800820210804194208000000379000000186839500000000012176161279201000805103                    000003790000000000000000037900484                       
25   543924021961800820210804194208000000379000000186839500000000012176161279201000805103                    000003790000000000000000037900484                       
25   543924022388300220210804210505000000016500000120721500000000051799079576401000808154                    000000165000000000000000001650484                       
25   543924022388300220210804210505000000016500000120721500000000051799079576401000808154                    000000165000000000000000001650484                       
25   543924021995000520210804214313000000077540000002277400000000051799084542001000809296                    000000775400000000000000007754484                       
25   543924021995000520210804214313000000077540000002277400000000051799084542001000809296                    000000775400000000000000007754484                       
25   543924021995000520210804220140000000045990000002277400000000093800655217501000809848                    000000459900000000000000004599484                       
25   543924021995000520210804220140000000045990000002277400000000093800655217501000809848                    000000459900000000000000004599484                       
25   543924021993100520210805105801000000000000000018806700000000012171531730501000818731                    000000000000000000000000000000484                       
990000006300000000000000000000000000000000000000000000000000000000000000000000000000000000000000000000000000000000000000000000000000000000000000000000000000000000000
