19LOG_LIQ202108270000000000000000000000000000000000000000000000000000000000000000000000000000000000000000000000000000000000000000000000000000000000000000000000000000
25   5439240206408009202108251318070000085865100009486707000000000yuuVpPEmOs3L01000491639                    000085865100000000000000858651484                       
25   5439240206408009202108251318070000085865100009486707000000000yuuVpPEmOs3L01000491639                    000085865100000000000000858651484                       
25   543924020640800920210825140929000000308000000948670700000000000029773751301000493653                    000003080000000000000000030800484                       
25   543924020640800920210825140929000000308000000948670700000000000029773751301000493653                    000003080000000000000000030800484                       
25   543924020739600520210825115312000000220000000008189100000000087833815809901000488654                    000002200000000000000000022000484                       
25   543924020739600520210825115312000000220000000008189100000000087833815809901000488654                    000002200000000000000000022000484                       
25   543924021079100220210409183851000001200000000000000000000000087796727100001000969815                    000012000000000000000000120000484                       
25   543924021079100220210409183851000001200000000000000000000000087796727100001000969815                    000012000000000000000000120000484                       
25   543924021079100220210409190415000000341000000000000000000000004091913386901000970898                    000003410000000000000000034100484                       
25   543924021079100220210409190415000000341000000000000000000000004091913386901000970898                    000003410000000000000000034100484                       
25   543924021084600420210825172414000000460940000026113600000000012373285913301000501205                    000004630100000000000000046301484                       
25   543924021084600420210825172414000000460940000026113600000000012373285913301000501205                    000004630100000000000000046301484                       
25   543924021136600220210825035516000000311420001267885300000000000000002777301000481678                    000003128200000000000000031282484                       
25   543924021136600220210825035516000000311420001267885300000000000000002777301000481678                    000003128200000000000000031282484                       
25   543924021136600220210825082855000003646890001267885300000000000000003884201000483308                    000036633000000000000000366330484                       
25   543924021136600220210825082855000003646890001267885300000000000000003884201000483308                    000036633000000000000000366330484                       
25   543924021136600220210825153346000002372880001267885300000000000000008852601000497078                    000023835600000000000000238356484                       
25   543924021136600220210825153346000002372880001267885300000000000000008852601000497078                    000023835600000000000000238356484                       
25   543924021223500820210409210543000000320000000000519900000000087796732425801000975885                    000003200000000000000000032000484                       
25   543924021223500820210409210543000000320000000000519900000000087796732425801000975885                    000003200000000000000000032000484                       
25   543924021263600720210409174350000000161950000264598200000000087796724727301000967642                    000001619500000000000000016195484                       
25   543924021263600720210409174350000000161950000264598200000000087796724727301000967642                    000001619500000000000000016195484                       
25   543924021263600720210409175638000000133650000264598200000000087796725292201000968176                    000001336500000000000000013365484                       
25   543924021263600720210409175638000000133650000264598200000000087796725292201000968176                    000001336500000000000000013365484                       
25   543924021263600720210409150127000000035500000264598200000000000209457183501000961209                    000000355000000000000000003550484                       
25   543924021263600720210409150127000000035500000264598200000000000209457183501000961209                    000000355000000000000000003550484                       
25   543924021263600720210409151737000000042000000264598200000000000209462756201000961827                    000000420000000000000000004200484                       
25   543924021263600720210409151737000000042000000264598200000000000209462756201000961827                    000000420000000000000000004200484                       
25   543924021263600720210409172740000000249000000264598200000000000209506729601000967027                    000002490000000000000000024900484                       
25   543924021263600720210409172740000000249000000264598200000000000209506729601000967027                    000002490000000000000000024900484                       
25   543924021263600720210824121421000003409810000264598200000000054104053604501000456652                    000034098100000000000000340981484                       
25   543924021263600720210824121421000003409810000264598200000000054104053604501000456652                    000034098100000000000000340981484                       
25   543924021263600720210824164412000000558140000264598200000000028886515827501000466472                    000005581400000000000000055814484                       
25   543924021263600720210824164412000000558140000264598200000000028886515827501000466472                    000005581400000000000000055814484                       
25   543924021263600720210825153850000001455000000264598200000000000000000003701000497271                    000014550000000000000000145500484                       
25   543924021263600720210825153850000001455000000264598200000000000000000003701000497271                    000014550000000000000000145500484                       
25   543924021263600720210409131714000001163650000264598200000000004090117136601000957249                    000011636500000000000000116365484                       
25   543924021263600720210409131714000001163650000264598200000000004090117136601000957249                    000011636500000000000000116365484                       
25   543924021263600720210409115918000000101170000264598200000000000000000264101000954566                    000001011700000000000000010117484                       
25   543924021263600720210409115918000000101170000264598200000000000000000264101000954566                    000001011700000000000000010117484                       
25   543924021263600720210409123022000000409990000264598200000000000000000055001000955610                    000004099900000000000000040999484                       
25   543924021263600720210409123022000000409990000264598200000000000000000055001000955610                    000004099900000000000000040999484                       
25   543924021428900320210825132851000010195350000021248800000000012370684869201000492036                    000102412300000000000001024123484                       
25   543924021428900320210825132851000010195350000021248800000000012370684869201000492036                    000102412300000000000001024123484                       
25   543924021428900320210825132926000010195350000021248800000000012370684872601000492056                    000102412300000000000001024123484                       
25   543924021428900320210825132926000010195350000021248800000000012370684872601000492056                    000102412300000000000001024123484                       
25   543924021428900320210825133020000004078140000021248800000000012370684877101000492099                    000040964900000000000000409649484                       
25   543924021428900320210825133020000004078140000021248800000000012370684877101000492099                    000040964900000000000000409649484                       
25   543924021428900320210825161223000002135360000021248800000000051835436454401000498514                    000021353600000000000000213536484                       
25   543924021428900320210825161223000002135360000021248800000000051835436454401000498514                    000021353600000000000000213536484                       
25   543924021541700920210824004631000000265020001831405700000000012360500070401000448437                    000002662100000000000000026621484                       
25   543924021541700920210824004631000000265020001831405700000000012360500070401000448437                    000002662100000000000000026621484                       
25   5439240215488000202108241718540000005820700017156535000000000 2029809924201000467663                    000005820700000000000000058207484                       
25   5439240215488000202108241718540000005820700017156535000000000 2029809924201000467663                    000005820700000000000000058207484                       
25   543924021548800020210826021053000000021720001715653500000000012384242034301000515230                    000000218200000000000000002182484                       
25   543924021548800020210826021053000000021720001715653500000000012384242034301000515230                    000000218200000000000000002182484                       
25   543924021809900220210824132211000000439000001127497400000000062982930083601000459054                    000004390000000000000000043900484                       
25   543924021809900220210824132211000000439000001127497400000000062982930083601000459054                    000004390000000000000000043900484                       
25   543924021820700120210409054832000000035660000000003500000000066786296222201000948542                    000000356600000000000000003566484                       
25   543924021820700120210409054832000000035660000000003500000000066786296222201000948542                    000000356600000000000000003566484                       
25   543924021839500420210409222602000000471000000030356000000000000000000023001000978570                    000004710000000000000000047100484                       
25   543924021839500420210409222602000000471000000030356000000000000000000023001000978570                    000004710000000000000000047100484                       
25   543924021840000220210409160605000000175500000005103800000000000209478934201000963753                    000001755000000000000000017550484                       
25   543924021840000220210409160605000000175500000005103800000000000209478934201000963753                    000001755000000000000000017550484                       
25   543924021850900020210409185835000000156000000015033000000000000209540908601000970650                    000001560000000000000000015600484                       
25   543924021850900020210409185835000000156000000015033000000000000209540908601000970650                    000001560000000000000000015600484                       
25   543924021854800820210409152841000000300000000103378100000000000000000035501000962297                    000003000000000000000000030000484                       
25   543924021854800820210409152841000000300000000103378100000000000000000035501000962297                    000003000000000000000000030000484                       
25   543924021856900420210824223804000000025500000004274300000000000133973448201000478508                    000000255000000000000000002550484                       
25   543924021856900420210824223804000000025500000004274300000000000133973448201000478508                    000000255000000000000000002550484                       
25   543924021961800820210825190839000000482800000017106200000000012380029319201000505215                    000004828000000000000000048280484                       
25   543924021961800820210825190839000000482800000017106200000000012380029319201000505215                    000004828000000000000000048280484                       
25   543924021961800820210409142650000000515000000017106200000000000000000040201000959895                    000005150000000000000000051500484                       
25   543924021961800820210409142650000000515000000017106200000000000000000040201000959895                    000005150000000000000000051500484                       
25   543924021961800820210409145753000000150000000017106200000000033794703425001000961078                    000001500000000000000000015000484                       
25   543924021961800820210409145753000000150000000017106200000000033794703425001000961078                    000001500000000000000000015000484                       
25   5439240219618008202108252037250000000241400000171062UBER* EAT08260039190401000508693                    000000241400000000000000002414484                       
25   5439240219618008202108252037250000000241400000171062UBER* EAT08260039190401000508693                    000000241400000000000000002414484                       
25   543924021973200720210409163114000000987290000983555800000000021099027046101000964809                    000009872900000000000000098729484                       
25   543924021973200720210409163114000000987290000983555800000000021099027046101000964809                    000009872900000000000000098729484                       
25   543924021973200720210409164156000000306000000983555800000000000000000035001000965219                    000003060000000000000000030600484                       
25   543924021973200720210409164156000000306000000983555800000000000000000035001000965219                    000003060000000000000000030600484                       
25   543924021973200720210825200839000000291190000983555800000000003511210883801000507556                    000002911900000000000000029119484                       
25   543924021973200720210825200839000000291190000983555800000000003511210883801000507556                    000002911900000000000000029119484                       
25   543924021973200720210825154429000001344850000983555800000000000000000160001000497479                    000014807000000000000000148070484                       
25   543924021973200720210825154429000001344850000983555800000000000000000160001000497479                    000014807000000000000000148070484                       
25   543924021974400220210824221350000000170050000000000000000000093835795862401000477959                    000001700500000000000000017005484                       
25   543924021974400220210824221350000000170050000000000000000000093835795862401000477959                    000001700500000000000000017005484                       
25   543924021986300020210409134723000001873020000361093300000000006065955361301000958350                    000018730200000000000000187302484                       
25   543924021986300020210409134723000001873020000361093300000000006065955361301000958350                    000018730200000000000000187302484                       
25   543924021993100520210822155513000000210000000040979100000000093835459783701000402762                    000002100000000000000000021000484                       
25   543924021993100520210822155513000000210000000040979100000000093835459783701000402762                    000002100000000000000000021000484                       
25   543924021995000520210409213354000000285500000003544100000000000209601923901000976922                    000002855000000000000000028550484                       
25   543924021995000520210409213354000000285500000003544100000000000209601923901000976922                    000002855000000000000000028550484                       
25   543924022062900220210409185905000000424000000019718800000000087796727937701000970681                    000004240000000000000000042400484                       
25   543924022062900220210409185905000000424000000019718800000000087796727937701000970681                    000004240000000000000000042400484                       
25   543924022062900220210409095447000000200000000019718800000000000022682129101000951222                    000002000000000000000000020000484                       
25   543924022062900220210409095447000000200000000019718800000000000022682129101000951222                    000002000000000000000000020000484                       
25   543924022062900220210409083227000001500400000019718800000000000022678277901000949705                    000015004000000000000000150040484                       
25   543924022062900220210409083227000001500400000019718800000000000022678277901000949705                    000015004000000000000000150040484                       
25   543924022067000620210409081857000000109000000103906400000000000209352018901000949507                    000001090000000000000000010900484                       
25   543924022067000620210409081857000000109000000103906400000000000209352018901000949507                    000001090000000000000000010900484                       
25   543924022067000620210825220747000000462000000103906400000000021237087022701000511541                    000004620000000000000000046200484                       
25   543924022067000620210825220747000000462000000103906400000000021237087022701000511541                    000004620000000000000000046200484                       
25   543924022067000620210409225057000000142000000103906400000000000000000036101000979273                    000001420000000000000000014200484                       
25   543924022067000620210409225057000000142000000103906400000000000000000036101000979273                    000001420000000000000000014200484                       
25   543924022067000620210825190804000000106300000103906400000000000000003589801000505195                    000001063000000000000000010630484                       
25   543924022067000620210825190804000000106300000103906400000000000000003589801000505195                    000001063000000000000000010630484                       
25   543924022067000620210825084157000000155000000103906400000000021237095364301000483510                    000001550000000000000000015500484                       
25   543924022067000620210825084157000000155000000103906400000000021237095364301000483510                    000001550000000000000000015500484                       
25   543924022067700120210408232414000001001000000041378800000000000000000054901000945740                    000010010000000000000000100100484                       
25   543924022067700120210408232414000001001000000041378800000000000000000054901000945740                    000010010000000000000000100100484                       
25   543924022067700120210409093621000000124990000041378800000000087796705122701000950810                    000001249900000000000000012499484                       
25   543924022067700120210409093621000000124990000041378800000000087796705122701000950810                    000001249900000000000000012499484                       
25   543924022067700120210409142903000000130500000041378800000000000209446105301000959990                    000001305000000000000000013050484                       
25   543924022067700120210409142903000000130500000041378800000000000209446105301000959990                    000001305000000000000000013050484                       
25   543924022070500020210825101116000000313500000185674600000000021237085373301000485496                    000003135000000000000000031350484                       
25   543924022070500020210825101116000000313500000185674600000000021237085373301000485496                    000003135000000000000000031350484                       
25   543924022070500020210824195443000000163000000185674600000000062985285288601000473511                    000001630000000000000000016300484                       
25   543924022070500020210824195443000000163000000185674600000000062985285288601000473511                    000001630000000000000000016300484                       
25   543924022070500020210824214734000000780500000185674600000000062985962382101000477289                    000007805000000000000000078050484                       
25   543924022070500020210824214734000000780500000185674600000000062985962382101000477289                    000007805000000000000000078050484                       
25   5439240220705000202108251837070000007848000001856746000000000      52460702000503952                    000007848000000000000000078480484                       
25   5439240220705000202108251837070000007848000001856746000000000      52460702000503952                    000007848000000000000000078480484                       
25   543924022084600220210825124855000000061400000058975300000000000000003773301000490601                    000000614000000000000000006140484                       
25   543924022084600220210825124855000000061400000058975300000000000000003773301000490601                    000000614000000000000000006140484                       
25   543924022084600220210825105227000000218900000058975300000000021237085469501000486717                    000002189000000000000000021890484                       
25   543924022084600220210825105227000000218900000058975300000000021237085469501000486717                    000002189000000000000000021890484                       
25   543924022084600220210825105301000000218900000058975300000000021237085470501000486739                    000002189000000000000000021890484                       
25   543924022084600220210825105301000000218900000058975300000000021237085470501000486739                    000002189000000000000000021890484                       
25   543924022084600220210824214713000000936500000058975300000000062985960217401000477282                    000009365000000000000000093650484                       
25   543924022084600220210824214713000000936500000058975300000000062985960217401000477282                    000009365000000000000000093650484                       
25   543924022089000020210409140851000000083000000115845100000000000209439085501000959214                    000000830000000000000000008300484                       
25   543924022089000020210409140851000000083000000115845100000000000209439085501000959214                    000000830000000000000000008300484                       
25   543924022089000020210825165625000000025400000115845100000000000134106128901000500220                    000000254000000000000000002540484                       
25   543924022089000020210825165625000000025400000115845100000000000134106128901000500220                    000000254000000000000000002540484                       
25   543924022165900820210409161654000001190290000000000000000000000000000030701000964189                    000011902900000000000000119029484                       
25   543924022165900820210409161654000001190290000000000000000000000000000030701000964189                    000011902900000000000000119029484                       
25   543924022165900820210409162417000000279800000000000000000000000000000002701000964490                    000002798000000000000000027980484                       
25   543924022165900820210409162417000000279800000000000000000000000000000002701000964490                    000002798000000000000000027980484                       
25   543924022178500120210825163303000001126130000149411500000000008250433027801000499334                    000011261300000000000000112613484                       
25   543924022178500120210825163303000001126130000149411500000000008250433027801000499334                    000011261300000000000000112613484                       
25   543924022297000820210409173629000001100000000005298500000000091796798953501000967371                    000011000000000000000000110000484                       
25   543924022297000820210409173629000001100000000005298500000000091796798953501000967371                    000011000000000000000000110000484                       
25   543924022297000820210823195653000000056000000005298500000000000000001731201000441674                    000000560000000000000000005600484                       
25   543924022297000820210823195653000000056000000005298500000000000000001731201000441674                    000000560000000000000000005600484                       
25   5439240223212004202108252033080000001967000000114878UBER* EAT08260075668201000508530                    000001967000000000000000019670484                       
25   5439240223212004202108252033080000001967000000114878UBER* EAT08260075668201000508530                    000001967000000000000000019670484                       
25   5439240223212004202108252217350000000133000000114878UBER* EAT08260047169201000511803                    000000133000000000000000001330484                       
25   5439240223212004202108252217350000000133000000114878UBER* EAT08260047169201000511803                    000000133000000000000000001330484                       
25   543924022325300820210409165335000000068000000009445400000000033794706050801000965660                    000000680000000000000000006800484                       
25   543924022325300820210409165335000000068000000009445400000000033794706050801000965660                    000000680000000000000000006800484                       
25   543924022417800620210825151018000000090750000003293800000000012371931020501000496122                    000000907500000000000000009075484                       
25   543924022417800620210825151018000000090750000003293800000000012371931020501000496122                    000000907500000000000000009075484                       
25   543924022417800620210825113140000000170000000003293800000000051835397701501000487947                    000001700000000000000000017000484                       
25   543924022417800620210825113140000000170000000003293800000000051835397701501000487947                    000001700000000000000000017000484                       
25   543924029732000620210409152806000000280000000000000000000000087796718832701000962276                    000002800000000000000000028000484                       
25   543924029732000620210409152806000000280000000000000000000000087796718832701000962276                    000002800000000000000000028000484                       
25   543924029732000620210409141718000003000000000000000000000000000000000003801000959530                    000030000000000000000000300000484                       
25   543924029732000620210409141718000003000000000000000000000000000000000003801000959530                    000030000000000000000000300000484                       
990000016000000000000000000000000000000000000000000000000000000000000000000000000000000000000000000000000000000000000000000000000000000000000000000000000000000000000
