19LOG_LIQ202108120000000000000000000000000000000000000000000000000000000000000000000000000000000000000000000000000000000000000000000000000000000000000000000000000000
25   543924021541700920210719161355000001873270001533011600000000066812378359501000274238                    000018732700000000000000187327484                       
25   543924021541700920210719161355000001873270001533011600000000066812378359501000274238                    000018732700000000000000187327484                       
25   543924021541700920210719161355000001873270001533011600000000066812378359501000274238                    000018732700000000000000187327484                       
25   5439240211471000202107241017210000056887900004414661AIRPORT T12051897503001000425251                    000056380700000000000000563807484                       
25   5439240211471000202107241017210000056887900004414661AIRPORT T12051897503001000425251                    000056380700000000000000563807484                       
25   543924021263600720210809122802000000180640000079990500000000060660860209001000954583                    000001806400000000000000018064484                       
25   543924021263600720210809122802000000180640000079990500000000060660860209001000954583                    000001806400000000000000018064484                       
25   543924021263600720210809181127000000944450000079990500000000023894121042801000967033                    000009444500000000000000094445484                       
25   543924021263600720210809181127000000944450000079990500000000023894121042801000967033                    000009444500000000000000094445484                       
25   543924022417800620210809213224000000258500000009706000000000000206478317501000974183                    000002585000000000000000025850484                       
25   543924022417800620210809213224000000258500000009706000000000000206478317501000974183                    000002585000000000000000025850484                       
25   543924022067700120210810001510000000460420000026902600000000021222049314201000977299                    000004604200000000000000046042484                       
25   543924022067700120210810001510000000460420000026902600000000021222049314201000977299                    000004604200000000000000046042484                       
25   543924021136600220210810060250000001693160001213238300000000000000000019801000978831                    000017007800000000000000170078484                       
25   543924021136600220210810060250000001693160001213238300000000000000000019801000978831                    000017007800000000000000170078484                       
25   543924021975600620210810074435000005017400000017019700000000040390024838102000979455                    000050174000000000000000501740484                       
25   543924021975600620210810074435000005017400000017019700000000040390024838102000979455                    000050174000000000000000501740484                       
25   543924022067000620210810074859000000108000000097022100000000021222067874601000979502                    000001080000000000000000010800484                       
25   543924022067000620210810074859000000108000000097022100000000021222067874601000979502                    000001080000000000000000010800484                       
25   543924022070500020210810094719000000465000000353372500000000000000000011101000981561                    000004650000000000000000046500484                       
25   543924022070500020210810094719000000465000000353372500000000000000000011101000981561                    000004650000000000000000046500484                       
25   5439240205975008202108101016310000017290000004116475000000000        169302000982272                    000017290000000000000000172900484                       
25   5439240205975008202108101016310000017290000004116475000000000        169302000982272                    000017290000000000000000172900484                       
25   543924021973200720210810112006000000750130001076591800000000021222053337201000984004                    000007501300000000000000075013484                       
25   543924021973200720210810112006000000750130001076591800000000021222053337201000984004                    000007501300000000000000075013484                       
25   543924021270100920210810115451000003453850000007642600000000000000001602001000985087                    000034538500000000000000345385484                       
25   543924021270100920210810115451000003453850000007642600000000000000001602001000985087                    000034538500000000000000345385484                       
25   543924022084600220210810120337000000261930000013717400000000086911022874301000985361                    000002619300000000000000026193484                       
25   543924022084600220210810120337000000261930000013717400000000086911022874301000985361                    000002619300000000000000026193484                       
25   543924022623500220210810121035000001368000000515318800000000000000000048701000985602                    000013680000000000000000136800484                       
25   543924022623500220210810121035000001368000000515318800000000000000000048701000985602                    000013680000000000000000136800484                       
25   543924022623500220210810130943000000511000000515318800000000000582160461201000987530                    000005110000000000000000051100484                       
25   543924022623500220210810130943000000511000000515318800000000000582160461201000987530                    000005110000000000000000051100484                       
25   543924021052200120210810134923000000709110001310877700000000001167963640201000988976                    000007123000000000000000071230484                       
25   543924021052200120210810134923000000709110001310877700000000001167963640201000988976                    000007123000000000000000071230484                       
25   543924021052200120210810135554000000303400001310877700000000001167985762201000989203                    000003047700000000000000030477484                       
25   543924021052200120210810135554000000303400001310877700000000001167985762201000989203                    000003047700000000000000030477484                       
25   543924022067700120210810141051000000339000000026902600000000000000000017101000989767                    000003390000000000000000033900484                       
25   543924022067700120210810141051000000339000000026902600000000000000000017101000989767                    000003390000000000000000033900484                       
25   5439240212636007202108101455170000004400000000799905000000000PcvT0RvCk9Ie01000991344                    000004400000000000000000044000484                       
25   5439240212636007202108101455170000004400000000799905000000000PcvT0RvCk9Ie01000991344                    000004400000000000000000044000484                       
25   543924021961800820210810151245000000195000000136497900000000000130394397801000991955                    000001950000000000000000019500484                       
25   543924021961800820210810151245000000195000000136497900000000000130394397801000991955                    000001950000000000000000019500484                       
25   5439240211366002202108101522590000104918000012132383  KAMPAOH08100048220101000992322                    000105390100000000000001053901484                       
25   5439240211366002202108101522590000104918000012132383  KAMPAOH08100048220101000992322                    000105390100000000000001053901484                       
25   543924022067700120210810155910000001440000000026902600000000000040875294001000993611                    000014400000000000000000144000484                       
25   543924022067700120210810155910000001440000000026902600000000000040875294001000993611                    000014400000000000000000144000484                       
25   543924022067700120210810162146000000680600000026902600000000000060350033701000994477                    000006806000000000000000068060484                       
25   543924022067700120210810162146000000680600000026902600000000000060350033701000994477                    000006806000000000000000068060484                       
25   543924022084600220210810164857000000090500000013717400000000000130419884501000995325                    000000905000000000000000009050484                       
25   543924022084600220210810164857000000090500000013717400000000000130419884501000995325                    000000905000000000000000009050484                       
25   543924022178500120210810165738000001155200000183934600000000008100457379901000995628                    000011552000000000000000115520484                       
25   543924022178500120210810165738000001155200000183934600000000008100457379901000995628                    000011552000000000000000115520484                       
25   543924022368100020210810165959000000191900000051226800000000000130422780901000995700                    000001919000000000000000019190484                       
25   543924022368100020210810165959000000191900000051226800000000000130422780901000995700                    000001919000000000000000019190484                       
25   543924022089000020210810171900000000098000000151248500000000000000000036901000996422                    000000980000000000000000009800484                       
25   543924022089000020210810171900000000098000000151248500000000000000000036901000996422                    000000980000000000000000009800484                       
25   543924021380900920210810181633000000500000000371223400000000000000000027501000998511                    000005000000000000000000050000484                       
25   543924021380900920210810181633000000500000000371223400000000000000000027501000998511                    000005000000000000000000050000484                       
25   543924021541700920210810190820000000260040001533011600000000012234545521301000000486                    000002612100000000000000026121484                       
25   543924021541700920210810190820000000260040001533011600000000012234545521301000000486                    000002612100000000000000026121484                       
25   543924021961800820210810193911000000322500000136497900000000012230031508201000001574                    000003225000000000000000032250484                       
25   543924021961800820210810193911000000322500000136497900000000012230031508201000001574                    000003225000000000000000032250484                       
25   543924022368100020210810201619000000971000000051226800000000087833330475401000003004                    000009710000000000000000097100484                       
25   543924022368100020210810201619000000971000000051226800000000087833330475401000003004                    000009710000000000000000097100484                       
25   543924022070500020210810203404000001093000000353372500000000000000000043001000003646                    000010930000000000000000109300484                       
25   543924022070500020210810203404000001093000000353372500000000000000000043001000003646                    000010930000000000000000109300484                       
25   543924022089000020210810204352000000340000000151248500000000000000000037101000003993                    000003400000000000000000034000484                       
25   543924022089000020210810204352000000340000000151248500000000000000000037101000003993                    000003400000000000000000034000484                       
25   543924022070500020210810204548000000062000000353372500000000000130489542801000004066                    000000620000000000000000006200484                       
25   543924022070500020210810204548000000062000000353372500000000000130489542801000004066                    000000620000000000000000006200484                       
25   543924022084600220210810211435000000232510000013717400000000000060361446501000005011                    000002325100000000000000023251484                       
25   543924022084600220210810211435000000232510000013717400000000000060361446501000005011                    000002325100000000000000023251484                       
990000007300000000000000000000000000000000000000000000000000000000000000000000000000000000000000000000000000000000000000000000000000000000000000000000000000000000000
