19LOG_LIQ202108100000000000000000000000000000000000000000000000000000000000000000000000000000000000000000000000000000000000000000000000000000000000000000000000000000
25   543924020597500820210807123238000000111000000435773300000000087833214906301000892310                    000001110000000000000000011100484                       
25   543924020597500820210807123238000000111000000435773300000000087833214906301000892310                    000001110000000000000000011100484                       
25   543924020597500820210807120425000000786000000435773300000000003511237105601000891285                    000007860000000000000000078600484                       
25   543924020597500820210807120425000000786000000435773300000000003511237105601000891285                    000007860000000000000000078600484                       
25   5439240207207004202108071628170000011940000001177419000000000000000281I3U01000901995                    000011940000000000000000119400484                       
25   5439240207207004202108071628170000011940000001177419000000000000000281I3U01000901995                    000011940000000000000000119400484                       
25   543924020720700420210806235526000000920000000117741900000000000000000064201000882393                    000009200000000000000000092000484                       
25   543924020720700420210806235526000000920000000117741900000000000000000064201000882393                    000009200000000000000000092000484                       
25   543924020720700420210808115833000000070000000117741900000000011590706529101000923338                    000000700000000000000000007000484                       
25   543924020720700420210808115833000000070000000117741900000000011590706529101000923338                    000000700000000000000000007000484                       
25   543924020720700420210807003308000000047000000117741900000000000334404029301000882933                    000000470000000000000000004700484                       
25   543924020720700420210807003308000000047000000117741900000000000334404029301000882933                    000000470000000000000000004700484                       
25   543924020720700420210807121716000000062500000117741900000000012175004031201000891757                    000000625000000000000000006250484                       
25   543924020720700420210807121716000000062500000117741900000000012175004031201000891757                    000000625000000000000000006250484                       
25   543924020739600520210807184035000002153000000052232500000000000000000022201000907072                    000021530000000000000000215300484                       
25   543924020739600520210807184035000002153000000052232500000000000000000022201000907072                    000021530000000000000000215300484                       
25   543924020739600520210806231033000004926000000052232500000000000000000007301000881557                    000049260000000000000000492600484                       
25   543924020739600520210806231033000004926000000052232500000000000000000007301000881557                    000049260000000000000000492600484                       
25   543924021052200120210807131734000000447730001321055500000000000000001484501000894113                    000004497400000000000000044974484                       
25   543924021052200120210807131734000000447730001321055500000000000000001484501000894113                    000004497400000000000000044974484                       
25   543924021052200120210807072636000000278740001321055500000000000000008831301000885390                    000002799900000000000000027999484                       
25   543924021052200120210807072636000000278740001321055500000000000000008831301000885390                    000002799900000000000000027999484                       
25   543924021052200120210807062338000000447020001321055500000000000000008829401000885010                    000004490300000000000000044903484                       
25   543924021052200120210807062338000000447020001321055500000000000000008829401000885010                    000004490300000000000000044903484                       
25   543924021084600420210807131436000003030740000012734600000000000002280086202000893986                    000030307400000000000000303074484                       
25   543924021084600420210807131436000003030740000012734600000000000002280086202000893986                    000030307400000000000000303074484                       
25   543924021128900620210807212050000007242620000070317100000000000029261059601000912771                    000072426200000000000000724262484                       
25   543924021128900620210807212050000007242620000070317100000000000029261059601000912771                    000072426200000000000000724262484                       
25   543924021136600220210807123522000000325710001358054000000000000000000272801000892424                    000003271800000000000000032718484                       
25   543924021136600220210807123522000000325710001358054000000000000000000272801000892424                    000003271800000000000000032718484                       
25   543924021136600220210807161526000002897300001358054000000000000000000108901000901430                    000029103400000000000000291034484                       
25   543924021136600220210807161526000002897300001358054000000000000000000108901000901430                    000029103400000000000000291034484                       
25   5439240211471000202108081226370000070348000004414661000000000        179002000924147                    000070348000000000000000703480484                       
25   5439240211471000202108081226370000070348000004414661000000000        179002000924147                    000070348000000000000000703480484                       
25   543924021541700920210807210407000000299060001537615500000000012203030241701000912206                    000003004100000000000000030041484                       
25   543924021541700920210807210407000000299060001537615500000000012203030241701000912206                    000003004100000000000000030041484                       
25   543924021541700920210807164214000001322270001537615500000000000001778567901000902567                    000013222700000000000000132227484                       
25   543924021541700920210807164214000001322270001537615500000000000001778567901000902567                    000013222700000000000000132227484                       
25   543924021541700920210807220808000000515070001537615500000000012200350596901000914109                    000005150700000000000000051507484                       
25   543924021541700920210807220808000000515070001537615500000000012200350596901000914109                    000005150700000000000000051507484                       
25   543924021548800020210807182901000000151030001764610300000000012194747756101000906667                    000001517100000000000000015171484                       
25   543924021548800020210807182901000000151030001764610300000000012194747756101000906667                    000001517100000000000000015171484                       
25   543924021548800020210808095421000000027000001764610300000000012204848469001000920476                    000000271200000000000000002712484                       
25   543924021548800020210808095421000000027000001764610300000000012204848469001000920476                    000000271200000000000000002712484                       
25   543924021548800020210809004032000000064810001764610300000000012213333088401000945803                    000000651000000000000000006510484                       
25   543924021548800020210809004032000000064810001764610300000000012213333088401000945803                    000000651000000000000000006510484                       
25   543924021893600520210807061541000000042500000010821200000000000129551036101000884973                    000000425000000000000000004250484                       
25   543924021893600520210807061541000000042500000010821200000000000129551036101000884973                    000000425000000000000000004250484                       
25   543924021893600520210807093006000000044000000010821200000000000129568547501000886957                    000000440000000000000000004400484                       
25   543924021893600520210807093006000000044000000010821200000000000129568547501000886957                    000000440000000000000000004400484                       
25   543924021961800820210807152047000000168000000142055300000000000129673062901000899115                    000001680000000000000000016800484                       
25   543924021961800820210807152047000000168000000142055300000000000129673062901000899115                    000001680000000000000000016800484                       
25   543924021961800820210807140533000000758000000142055300000000000034505443301000895992                    000007580000000000000000075800484                       
25   543924021961800820210807140533000000758000000142055300000000000034505443301000895992                    000007580000000000000000075800484                       
25   543924021961800820210806205259000000231180000142055300000000012192424780901000877455                    000002322200000000000000023222484                       
25   543924021961800820210806205259000000231180000142055300000000012192424780901000877455                    000002322200000000000000023222484                       
25   5439240219618008202108081808100000000290800001420553UBER* EAT08080092787801000936427                    000000290800000000000000002908484                       
25   5439240219618008202108081808100000000290800001420553UBER* EAT08080092787801000936427                    000000290800000000000000002908484                       
25   543924021961800820210806042842000000488890000142055300000000012180914192001000848614                    000004910900000000000000049109484                       
25   543924021961800820210806042842000000488890000142055300000000012180914192001000848614                    000004910900000000000000049109484                       
25   543924021961800820210807144136000000379700000142055300000000012191930743301000897468                    000003797000000000000000037970484                       
25   543924021961800820210807144136000000379700000142055300000000012191930743301000897468                    000003797000000000000000037970484                       
25   543924021961800820210807161421000000037970000142055300000000012192131001801000901398                    000000379700000000000000003797484                       
25   543924021961800820210807161421000000037970000142055300000000012192131001801000901398                    000000379700000000000000003797484                       
25   5439240219618008202108081631230000003915000001420553UBER* EAT08080081014001000933035                    000003915000000000000000039150484                       
25   5439240219618008202108081631230000003915000001420553UBER* EAT08080081014001000933035                    000003915000000000000000039150484                       
25   543924021973200720210807183606000000620910000725479300000000008072331208401000906914                    000006237000000000000000062370484                       
25   543924021973200720210807183606000000620910000725479300000000008072331208401000906914                    000006237000000000000000062370484                       
25   543924021975600620210807144341000000734390000255512200000000008072103421401000897563                    000007376900000000000000073769484                       
25   543924021975600620210807144341000000734390000255512200000000008072103421401000897563                    000007376900000000000000073769484                       
25   543924021975600620210808075321000001326650000255512200000000021080810414601000919114                    000013326200000000000000133262484                       
25   543924021975600620210808075321000001326650000255512200000000021080810414601000919114                    000013326200000000000000133262484                       
25   543924021975600620210808133656000001800450000255512200000000008082001978901000926484                    000018085500000000000000180855484                       
25   543924021975600620210808133656000001800450000255512200000000008082001978901000926484                    000018085500000000000000180855484                       
25   543924021975600620210807110509000001605640000255512200000000021080716140001000889339                    000016128700000000000000161287484                       
25   543924021975600620210807110509000001605640000255512200000000021080716140001000889339                    000016128700000000000000161287484                       
25   543924021975600620210808082426000005922530000255512200000000008080012654402000919315                    000059491800000000000000594918484                       
25   543924021975600620210808082426000005922530000255512200000000008080012654402000919315                    000059491800000000000000594918484                       
25   543924021995000520210806231539000001677500000001216200000000000000000008501000881648                    000016775000000000000000167750484                       
25   543924021995000520210806231539000001677500000001216200000000000000000008501000881648                    000016775000000000000000167750484                       
25   543924021995000520210807130549000000034410000001216200000000093833244056001000893618                    000000344100000000000000003441484                       
25   543924021995000520210807130549000000034410000001216200000000093833244056001000893618                    000000344100000000000000003441484                       
25   543924021995000520210808184443000000046910000001216200000000051832952987501000937702                    000000469100000000000000004691484                       
25   543924021995000520210808184443000000046910000001216200000000051832952987501000937702                    000000469100000000000000004691484                       
25   543924021995000520210808190951000000055970000001216200000000093833428298801000938486                    000000559700000000000000005597484                       
25   543924021995000520210808190951000000055970000001216200000000093833428298801000938486                    000000559700000000000000005597484                       
25   543924021995000520210808092844000000047000000001216200000000093833358445101000920081                    000000470000000000000000004700484                       
25   543924021995000520210808092844000000047000000001216200000000093833358445101000920081                    000000470000000000000000004700484                       
25   543924021995000520210807214801000000179000000001216200000000012206363509301000913545                    000001790000000000000000017900484                       
25   543924021995000520210807214801000000179000000001216200000000012206363509301000913545                    000001790000000000000000017900484                       
25   543924022084600220210808160559000000380000000050865900000000000000000018401000932033                    000003800000000000000000038000484                       
25   543924022084600220210808160559000000380000000050865900000000000000000018401000932033                    000003800000000000000000038000484                       
25   543924022089000020210807162944000004034800000012728500000000020191600093702000902056                    000040348000000000000000403480484                       
25   543924022089000020210807162944000004034800000012728500000000020191600093702000902056                    000040348000000000000000403480484                       
25   543924022368100020210808201827000000043500000104163800000000000206387418101000940694                    000000435000000000000000004350484                       
25   543924022368100020210808201827000000043500000104163800000000000206387418101000940694                    000000435000000000000000004350484                       
25   543924022368100020210807173558000000059000000104163800000000000206296692901000904727                    000000590000000000000000005900484                       
25   543924022368100020210807173558000000059000000104163800000000000206296692901000904727                    000000590000000000000000005900484                       
25   543924022388300220210808143208000000187300000114983500000000003420521613901000928613                    000001873000000000000000018730484                       
25   543924022388300220210808143208000000187300000114983500000000003420521613901000928613                    000001873000000000000000018730484                       
25   543924022388300220210807160744000000370000000114983500000000000000000065501000901083                    000003700000000000000000037000484                       
25   543924022388300220210807160744000000370000000114983500000000000000000065501000901083                    000003700000000000000000037000484                       
25   543924022417800620210807145800000000314000000012291000000000030505682865601000898150                    000003140000000000000000031400484                       
25   543924022417800620210807145800000000314000000012291000000000030505682865601000898150                    000003140000000000000000031400484                       
25   543924022417800620210808114431000000895000000012291000000000000000000133201000922947                    000008950000000000000000089500484                       
25   543924022417800620210808114431000000895000000012291000000000000000000133201000922947                    000008950000000000000000089500484                       
25   543924022417800620210807205326000000264000000012291000000000012200132645501000911848                    000002640000000000000000026400484                       
25   543924022417800620210807205326000000264000000012291000000000012200132645501000911848                    000002640000000000000000026400484                       
25   543924022625300520210807153713000003500000000421655300000000051865059542401000899831                    000035000000000000000000350000484                       
25   543924022625300520210807153713000003500000000421655300000000051865059542401000899831                    000035000000000000000000350000484                       
25   5439240226253005202108071129510000000373900004216553UBER* TRI08070014618901000890124                    000000373900000000000000003739484                       
25   5439240226253005202108071129510000000373900004216553UBER* TRI08070014618901000890124                    000000373900000000000000003739484                       
25   543924022625300520210807113358000006096690000421655300000000000000000250901000890254                    000060966900000000000000609669484                       
25   543924022625300520210807113358000006096690000421655300000000000000000250901000890254                    000060966900000000000000609669484                       
990000011400000000000000000000000000000000000000000000000000000000000000000000000000000000000000000000000000000000000000000000000000000000000000000000000000000000000
