19LOG_LIQ202108030000000000000000000000000000000000000000000000000000000000000000000000000000000000000000000000000000000000000000000000000000000000000000000000000000
25   543924021052200120210731100615000000413620001350705400000000000000000022001000647880                    000004154800000000000000041548484                       
25   543924021052200120210731100615000000413620001350705400000000000000000022001000647880                    000004154800000000000000041548484                       
25   543924021052200120210731034321000001535130001350705400000000012127070410601000643733                    000015420400000000000000154204484                       
25   543924021052200120210731034321000001535130001350705400000000012127070410601000643733                    000015420400000000000000154204484                       
25   543924021128900620210801143405000001579170000073373300000000000029063020601000695343                    000015791700000000000000157917484                       
25   543924021128900620210801143405000001579170000073373300000000000029063020601000695343                    000015791700000000000000157917484                       
25   543924021136600220210802055318000001789520001503131400000000000000008750201000715836                    000017975700000000000000179757484                       
25   543924021136600220210802055318000001789520001503131400000000000000008750201000715836                    000017975700000000000000179757484                       
25   543924021147100020210801184121000003068310000640707100000000012132302466901000705175                    000042144200000000000000421442484                       
25   543924021147100020210801184121000003068310000640707100000000012132302466901000705175                    000042144200000000000000421442484                       
25   543924021147100020210802115355000006501390000640707100000000008021650354501000722583                    000065306500000000000000653065484                       
25   543924021147100020210802115355000006501390000640707100000000008021650354501000722583                    000065306500000000000000653065484                       
25   543924021147100020210730141404000000718110000640707100000000012111918761001000620056                    000007181100000000000000071811484                       
25   543924021147100020210730141404000000718110000640707100000000012111918761001000620056                    000007181100000000000000071811484                       
25   543924021147100020210730141631000000048050000640707100000000012111919016301000620183                    000000480500000000000000004805484                       
25   543924021147100020210730141631000000048050000640707100000000012111919016301000620183                    000000480500000000000000004805484                       
25   543924021147100020210731132313000000495920000640707100000000012121803923901000655416                    000004959200000000000000049592484                       
25   543924021147100020210731132313000000495920000640707100000000012121803923901000655416                    000004959200000000000000049592484                       
25   543924021147100020210731130631000000499100000640707100000000012121800710801000654638                    000005013500000000000000050135484                       
25   543924021147100020210731130631000000499100000640707100000000012121800710801000654638                    000005013500000000000000050135484                       
25   543924021147100020210731111809000001419050000640707100000000012121307501801000650137                    000014254400000000000000142544484                       
25   543924021147100020210731111809000001419050000640707100000000012121307501801000650137                    000014254400000000000000142544484                       
25   543924021257200420210730132121000002007750000039404500000000034499007301301000617974                    000020077500000000000000200775484                       
25   543924021257200420210730132121000002007750000039404500000000034499007301301000617974                    000020077500000000000000200775484                       
25   543924021258200320210731190945000000198000001219743000000000000127970004001000671196                    000001980000000000000000019800484                       
25   543924021258200320210731190945000000198000001219743000000000000127970004001000671196                    000001980000000000000000019800484                       
25   543924021258200320210801090753000000043000001219743000000000021213093207301000685265                    000000430000000000000000004300484                       
25   543924021258200320210801090753000000043000001219743000000000021213093207301000685265                    000000430000000000000000004300484                       
25   543924021258200320210731114409000000143000001219743000000000021212086108701000651119                    000001430000000000000000014300484                       
25   543924021258200320210731114409000000143000001219743000000000021212086108701000651119                    000001430000000000000000014300484                       
25   543924021258200320210802111451000000063000001219743000000000021214002907201000721278                    000000630000000000000000006300484                       
25   543924021258200320210802111451000000063000001219743000000000021214002907201000721278                    000000630000000000000000006300484                       
25   543924021263600720210730173516000000806950000187943400000000050624966821701000628229                    000008069500000000000000080695484                       
25   543924021263600720210730173516000000806950000187943400000000050624966821701000628229                    000008069500000000000000080695484                       
25   543924021263600720210731171810000001060280000187943400000000077735414063601000666370                    000010602800000000000000106028484                       
25   543924021263600720210731171810000001060280000187943400000000077735414063601000666370                    000010602800000000000000106028484                       
25   543924021380900920210731173926000001153000000376223400000000000000000019501000667302                    000011530000000000000000115300484                       
25   543924021380900920210731173926000001153000000376223400000000000000000019501000667302                    000011530000000000000000115300484                       
25   543924021380900920210731201548000000327260000376223400000000048250954950801000674005                    000003272600000000000000032726484                       
25   543924021380900920210731201548000000327260000376223400000000048250954950801000674005                    000003272600000000000000032726484                       
25   543924021548800020210802230830000000257790001797950600000000012154747486201000746398                    000002589500000000000000025895484                       
25   543924021548800020210802230830000000257790001797950600000000012154747486201000746398                    000002589500000000000000025895484                       
25   543924021548800020210731212742000000214530001797950600000000012133542108101000676907                    000002155000000000000000021550484                       
25   543924021548800020210731212742000000214530001797950600000000012133542108101000676907                    000002155000000000000000021550484                       
25   543924021548800020210731233903000000319000001797950600000000051736169222001000680550                    000003190000000000000000031900484                       
25   543924021548800020210731233903000000319000001797950600000000051736169222001000680550                    000003190000000000000000031900484                       
25   543924021775200720210802181248000000915280000058086000000000000000000090001000736582                    000009152800000000000000091528484                       
25   543924021775200720210802181248000000915280000058086000000000000000000090001000736582                    000009152800000000000000091528484                       
25   543924021809900220210731152445000001483500000758749500000000012122001026401000661206                    000014835000000000000000148350484                       
25   543924021809900220210731152445000001483500000758749500000000012122001026401000661206                    000014835000000000000000148350484                       
25   543924021809900220210801134032000000989000000758749500000000012131805601701000693066                    000009890000000000000000098900484                       
25   543924021809900220210801134032000000989000000758749500000000012131805601701000693066                    000009890000000000000000098900484                       
25   543924021809900220210801084534000000328800000758749500000000012131304161401000684950                    000003288000000000000000032880484                       
25   543924021809900220210801084534000000328800000758749500000000012131304161401000684950                    000003288000000000000000032880484                       
25   543924021961800820210731160128000000190400000203084500000000051736097220201000662890                    000001530000000000000000015300484                       
25   543924021961800820210731160128000000190400000203084500000000051736097220201000662890                    000001530000000000000000015300484                       
25   543924021961800820210801145932000000204000000203084500000000051736245759501000696400                    000002040000000000000000020400484                       
25   543924021961800820210801145932000000204000000203084500000000051736245759501000696400                    000002040000000000000000020400484                       
25   543924021961800820210801225329000000279990000203084500000000044667834345401000712950                    000002799900000000000000027999484                       
25   543924021961800820210801225329000000279990000203084500000000044667834345401000712950                    000002799900000000000000027999484                       
25   543924021961800820210731124545000000154000000203084500000000012123838586401000653691                    000001540000000000000000015400484                       
25   543924021961800820210731124545000000154000000203084500000000012123838586401000653691                    000001540000000000000000015400484                       
25   543924021961800820210731122418000000400000000203084500000000007311224172701000652733                    000004000000000000000000040000484                       
25   543924021961800820210731122418000000400000000203084500000000007311224172701000652733                    000004000000000000000000040000484                       
25   543924021961800820210729193927000000637120000203084500000000051735805193001000598056                    000006371200000000000000063712484                       
25   543924021961800820210729193927000000637120000203084500000000051735805193001000598056                    000006371200000000000000063712484                       
25   543924021995000520210730113455000000017000000002277400000000012114444068401000614231                    000000170000000000000000001700484                       
25   543924021995000520210730113455000000017000000002277400000000012114444068401000614231                    000000170000000000000000001700484                       
25   543924021995000520210731144213000000998000000002277400000000021212019055001000659216                    000009980000000000000000099800484                       
25   543924021995000520210731144213000000998000000002277400000000021212019055001000659216                    000009980000000000000000099800484                       
25   543924021995000520210731145801000001097000000002277400000000021212019242001000660005                    000010970000000000000000109700484                       
25   543924021995000520210731145801000001097000000002277400000000021212019242001000660005                    000010970000000000000000109700484                       
25   5439240219950005202108011419550000007490000000022774000000000m93IOp4kgPp001000694723                    000007490000000000000000074900484                       
25   5439240219950005202108011419550000007490000000022774000000000m93IOp4kgPp001000694723                    000007490000000000000000074900484                       
25   543924021995000520210731055305000000266000000002277400000000000000N1SCNM501000644306                    000002660000000000000000026600484                       
25   543924021995000520210731055305000000266000000002277400000000000000N1SCNM501000644306                    000002660000000000000000026600484                       
25   543924022062900220210730095223000000431000000029661800000000062765671564301000611218                    000004310000000000000000043100484                       
25   543924022062900220210730095223000000431000000029661800000000062765671564301000611218                    000004310000000000000000043100484                       
25   543924022070500020210730105713000000040000000086310600000000012111501236401000613014                    000000400000000000000000004000484                       
25   543924022070500020210730105713000000040000000086310600000000012111501236401000613014                    000000400000000000000000004000484                       
25   543924022070500020210801105515000000829400000086310600000000000000000091401000687391                    000008294000000000000000082940484                       
25   543924022070500020210801105515000000829400000086310600000000000000000091401000687391                    000008294000000000000000082940484                       
25   543924022070500020210731115251000000493900000086310600000000016525000086701000651445                    000004939000000000000000049390484                       
25   543924022070500020210731115251000000493900000086310600000000016525000086701000651445                    000004939000000000000000049390484                       
25   543924022070500020210730105546000000130000000086310600000000000001751247901000612967                    000001300000000000000000013000484                       
25   543924022070500020210730105546000000130000000086310600000000000001751247901000612967                    000001300000000000000000013000484                       
25   543924022070500020210731122630000000020000000086310600000000000127815534101000652832                    000000200000000000000000002000484                       
25   543924022070500020210731122630000000020000000086310600000000000127815534101000652832                    000000200000000000000000002000484                       
25   543924022070500020210801025102000000011000000086310600000000000143549899801000682815                    000000110000000000000000001100484                       
25   543924022070500020210801025102000000011000000086310600000000000143549899801000682815                    000000110000000000000000001100484                       
25   543924022070500020210801130625000000059500000086310600000000000143554396301000691798                    000000595000000000000000005950484                       
25   543924022070500020210801130625000000059500000086310600000000000143554396301000691798                    000000595000000000000000005950484                       
25   5439240220705000202107312344320000004884000000863106000000000ywLWO5xCbPrU01000680662                    000004884000000000000000048840484                       
25   5439240220705000202107312344320000004884000000863106000000000ywLWO5xCbPrU01000680662                    000004884000000000000000048840484                       
25   543924022070500020210731200102000000070000000086310600000000000143544134101000673376                    000000700000000000000000007000484                       
25   543924022070500020210731200102000000070000000086310600000000000143544134101000673376                    000000700000000000000000007000484                       
25   543924022070500020210802172112000001856000000086310600000000000000000101301000734672                    000018560000000000000000185600484                       
25   543924022070500020210802172112000001856000000086310600000000000000000101301000734672                    000018560000000000000000185600484                       
25   543924022070500020210731195248000000087000000086310600000000000127986859201000673026                    000000870000000000000000008700484                       
25   543924022070500020210731195248000000087000000086310600000000000127986859201000673026                    000000870000000000000000008700484                       
25   543924022070500020210802223659000000154000000086310600000000077735489645101000745774                    000001540000000000000000015400484                       
25   543924022070500020210802223659000000154000000086310600000000077735489645101000745774                    000001540000000000000000015400484                       
25   543924022070500020210802114309000000075500000086310600000000000128348918501000722189                    000000755000000000000000007550484                       
25   543924022070500020210802114309000000075500000086310600000000000128348918501000722189                    000000755000000000000000007550484                       
25   543924022070500020210802114715000000016500000086310600000000000128350015601000722342                    000000165000000000000000001650484                       
25   543924022070500020210802114715000000016500000086310600000000000128350015601000722342                    000000165000000000000000001650484                       
25   543924022087000220210730124428000000426700000052601300000000085970235408801000616573                    000004267000000000000000042670484                       
25   543924022087000220210730124428000000426700000052601300000000085970235408801000616573                    000004267000000000000000042670484                       
25   543924022087000220210730222455000000483500000052601300000000000127726202201000639471                    000004835000000000000000048350484                       
25   543924022087000220210730222455000000483500000052601300000000000127726202201000639471                    000004835000000000000000048350484                       
25   543924022087000220210801132447000000106000000052601300000000033667655708201000692495                    000001060000000000000000010600484                       
25   543924022087000220210801132447000000106000000052601300000000033667655708201000692495                    000001060000000000000000010600484                       
25   543924022087000220210801081728000000106000000052601300000000044667833564001000684630                    000001060000000000000000010600484                       
25   543924022087000220210801081728000000106000000052601300000000044667833564001000684630                    000001060000000000000000010600484                       
25   543924022087000220210801122906000000447700000052601300000000000000000019801000690405                    000004477000000000000000044770484                       
25   543924022087000220210801122906000000447700000052601300000000000000000019801000690405                    000004477000000000000000044770484                       
25   543924022087000220210801194336000000363000000052601300000000000000000086201000707447                    000003630000000000000000036300484                       
25   543924022087000220210801194336000000363000000052601300000000000000000086201000707447                    000003630000000000000000036300484                       
25   543924022089000020210731145200000000900000000076423500000000091736680074501000659702                    000009000000000000000000090000484                       
25   543924022089000020210731145200000000900000000076423500000000091736680074501000659702                    000009000000000000000000090000484                       
25   5439240220890000202107311148580000002882000000764235000000000mg30NLVBAoap01000651294                    000002882000000000000000028820484                       
25   5439240220890000202107311148580000002882000000764235000000000mg30NLVBAoap01000651294                    000002882000000000000000028820484                       
25   543924022178500120210802150559000001205090000216456900000000008020305582101000729701                    000012050900000000000000120509484                       
25   543924022178500120210802150559000001205090000216456900000000008020305582101000729701                    000012050900000000000000120509484                       
25   5439240221785001202108021436550000002946400002164569000000000E75CIvdBsIgB01000728561                    000002946400000000000000029464484                       
25   5439240221785001202108021436550000002946400002164569000000000E75CIvdBsIgB01000728561                    000002946400000000000000029464484                       
25   543924022368100020210802124108000000089000000017583800000000000128366281701000724209                    000000890000000000000000008900484                       
25   543924022368100020210802124108000000089000000017583800000000000128366281701000724209                    000000890000000000000000008900484                       
25   543924022368100020210802092511000000034000000017583800000000000128314767201000718194                    000000340000000000000000003400484                       
25   543924022368100020210802092511000000034000000017583800000000000128314767201000718194                    000000340000000000000000003400484                       
25   5439240224881005202108021828190000014629800000541424CORNERSHO08020085669701000737172                    000013501600000000000000135016484                       
25   5439240224881005202108021828190000014629800000541424CORNERSHO08020085669701000737172                    000013501600000000000000135016484                       
25   5439240224881005202108030238480000000613700000541424CORNERSHO08030052870001000748394                    000000613700000000000000006137484                       
25   5439240224881005202108030238480000000613700000541424CORNERSHO08030052870001000748394                    000000613700000000000000006137484                       
25   543924022488100520210802153932000000308280000054142400000000051736400144201000730953                    000003082800000000000000030828484                       
25   543924022488100520210802153932000000308280000054142400000000051736400144201000730953                    000003082800000000000000030828484                       
25   543924022488100520210801192038000000107700000054142400000000091736874645801000706585                    000001077000000000000000010770484                       
25   543924022488100520210801192038000000107700000054142400000000091736874645801000706585                    000001077000000000000000010770484                       
25   543924022623500220210731135344000000740610000242635300000000012120025629701000656850                    000008635500000000000000086355484                       
25   543924022623500220210731135344000000740610000242635300000000012120025629701000656850                    000008635500000000000000086355484                       
25   5439240226253005202107311339540000033000000001415451000000000zlbvEMJNWdI701000656186                    000033000000000000000000330000484                       
25   5439240226253005202107311339540000033000000001415451000000000zlbvEMJNWdI701000656186                    000033000000000000000000330000484                       
25   543924029732000620210731121439000001119360000531267400000000000000002694601000652346                    000011193600000000000000111936484                       
25   543924029732000620210731121439000001119360000531267400000000000000002694601000652346                    000011193600000000000000111936484                       
25   543924029732000620210731224608000002322000000531267400000000003460749841001000679341                    000023220000000000000000232200484                       
25   543924029732000620210731224608000002322000000531267400000000003460749841001000679341                    000023220000000000000000232200484                       
25   543924029732000620210731124241000000803000000531267400000000000033693126901000653550                    000008030000000000000000080300484                       
25   543924029732000620210731124241000000803000000531267400000000000033693126901000653550                    000008030000000000000000080300484                       
990000014800000000000000000000000000000000000000000000000000000000000000000000000000000000000000000000000000000000000000000000000000000000000000000000000000000000000
