19LOG_LIQ202108240000000000000000000000000000000000000000000000000000000000000000000000000000000000000000000000000000000000000000000000000000000000000000000000000000
25   543924022070600820210820005911000000360000000171652300000000000000000089101000317136                    000003600000000000000000036000484                       
25   543924022070600820210820005911000000360000000171652300000000000000000089101000317136                    000003600000000000000000036000484                       
25   5439240215488000202108200603340000015575600017347446000000000 1130041398501000318485                    000015575600000000000000155756484                       
25   5439240215488000202108200603340000015575600017347446000000000 1130041398501000318485                    000015575600000000000000155756484                       
25   5439240215488000202108201138380000004662100017347446000000000 1130063966401000324643                    000004662100000000000000046621484                       
25   5439240215488000202108201138380000004662100017347446000000000 1130063966401000324643                    000004662100000000000000046621484                       
25   543924021840000220210820165337000000471800000024546800000000008200453376101000337250                    000004718000000000000000047180484                       
25   543924021840000220210820165337000000471800000024546800000000008200453376101000337250                    000004718000000000000000047180484                       
25   543924022067700120210820171829000000323470000041378800000000000000006411701000338328                    000003234700000000000000032347484                       
25   543924022067700120210820171829000000323470000041378800000000000000006411701000338328                    000003234700000000000000032347484                       
25   543924021961800820210820172836000000022000000024095600000000000132924592201000338781                    000000220000000000000000002200484                       
25   543924021961800820210820172836000000022000000024095600000000000132924592201000338781                    000000220000000000000000002200484                       
25   543924021961800820210820184644000000300000000024095600000000067835188686501000342072                    000003000000000000000000030000484                       
25   543924021961800820210820184644000000300000000024095600000000067835188686501000342072                    000003000000000000000000030000484                       
25   543924022388300220210820184649000000225000000127262400000000000000006759801000342077                    000002250000000000000000022500484                       
25   543924022388300220210820184649000000225000000127262400000000000000006759801000342077                    000002250000000000000000022500484                       
25   543924022388300220210820185837000001553750000127262400000000000000002671901000342613                    000015537500000000000000155375484                       
25   543924022388300220210820185837000001553750000127262400000000000000002671901000342613                    000015537500000000000000155375484                       
25   543924021380900920210820195538000000216000000335102500000000061809537798501000345193                    000002160000000000000000021600484                       
25   543924021380900920210820195538000000216000000335102500000000061809537798501000345193                    000002160000000000000000021600484                       
25   543924021380900920210820195632000000104190000335102500000000036662954588001000345243                    000001041900000000000000010419484                       
25   543924021380900920210820195632000000104190000335102500000000036662954588001000345243                    000001041900000000000000010419484                       
25   543924020720700420210820224906000000347030000075736600000000000003623115501000351385                    000003485900000000000000034859484                       
25   543924020720700420210820224906000000347030000075736600000000000003623115501000351385                    000003485900000000000000034859484                       
25   543924021541700920210820235629000002488820001853881700000000087833678260601000352742                    000024888200000000000000248882484                       
25   543924021541700920210820235629000002488820001853881700000000087833678260601000352742                    000024888200000000000000248882484                       
25   543924021541700920210821001926000002425490001853881700000000022832041122701000353137                    000024254900000000000000242549484                       
25   543924021541700920210821001926000002425490001853881700000000022832041122701000353137                    000024254900000000000000242549484                       
25   543924021995000520210821012804000000831000000034031000000000075441009807701000353991                    000008310000000000000000083100484                       
25   543924021995000520210821012804000000831000000034031000000000075441009807701000353991                    000008310000000000000000083100484                       
25   543924021995000520210821012923000000831000000034031000000000028327443742201000354008                    000008310000000000000000083100484                       
25   543924021995000520210821012923000000831000000034031000000000028327443742201000354008                    000008310000000000000000083100484                       
25   543924020720700420210821031759000000402350000075736600000000012330801798201000354755                    000004041600000000000000040416484                       
25   543924020720700420210821031759000000402350000075736600000000012330801798201000354755                    000004041600000000000000040416484                       
25   543924021136600220210821034307000001232790001428900600000000000000000139001000354900                    000012383400000000000000123834484                       
25   543924021136600220210821034307000001232790001428900600000000000000000139001000354900                    000012383400000000000000123834484                       
25   543924021136600220210821035726000000375250001428900600000000000000004875601000354972                    000003769400000000000000037694484                       
25   543924021136600220210821035726000000375250001428900600000000000000004875601000354972                    000003769400000000000000037694484                       
25   543924021136600220210821040225000000408190001428900600000000000000001639901000354987                    000004100300000000000000041003484                       
25   543924021136600220210821040225000000408190001428900600000000000000001639901000354987                    000004100300000000000000041003484                       
25   543924021136600220210821073120000003831540001428900600000000000000000252601000355868                    000038487800000000000000384878484                       
25   543924021136600220210821073120000003831540001428900600000000000000000252601000355868                    000038487800000000000000384878484                       
25   5439240224178006202108211005350000002358400000236679000000000      00895502000358261                    000002358400000000000000023584484                       
25   5439240224178006202108211005350000002358400000236679000000000      00895502000358261                    000002358400000000000000023584484                       
25   543924022368000220210821105306000000220000000000000000000000021233042178001000359498                    000002200000000000000000022000484                       
25   543924022368000220210821105306000000220000000000000000000000021233042178001000359498                    000002200000000000000000022000484                       
25   543924022417800620210821113130000000170000000023667900000000012331632064601000360675                    000001700000000000000000017000484                       
25   543924022417800620210821113130000000170000000023667900000000012331632064601000360675                    000001700000000000000000017000484                       
25   5439240211471000202108211151310000040313200002332915000000000        458202000361420                    000040313200000000000000403132484                       
25   5439240211471000202108211151310000040313200002332915000000000        458202000361420                    000040313200000000000000403132484                       
25   54392402206770012021082111521500000006280000004137880000000006CWdTx00R10b01000361441                    000000628000000000000000006280484                       
25   54392402206770012021082111521500000006280000004137880000000006CWdTx00R10b01000361441                    000000628000000000000000006280484                       
25   543924021147100020210821120141000001120000000233291500000000000000000226801000361805                    000011200000000000000000112000484                       
25   543924021147100020210821120141000001120000000233291500000000000000000226801000361805                    000011200000000000000000112000484                       
25   5439240220169009202108211204520000000852000000001214UBER* EAT08210064027201000361905                    000000852000000000000000008520484                       
25   5439240220169009202108211204520000000852000000001214UBER* EAT08210064027201000361905                    000000852000000000000000008520484                       
25   543924021380900920210821123516000000108000000335102500000000000000000091301000362992                    000001080000000000000000010800484                       
25   543924021380900920210821123516000000108000000335102500000000000000000091301000362992                    000001080000000000000000010800484                       
25   543924020739600520210821124348000003308900000081327300000000000000001960701000363312                    000033089000000000000000330890484                       
25   543924020739600520210821124348000003308900000081327300000000000000001960701000363312                    000033089000000000000000330890484                       
25   5439240215488000202108211302540000004950700017347446000000000 1130128776801000364066                    000004950700000000000000049507484                       
25   5439240215488000202108211302540000004950700017347446000000000 1130128776801000364066                    000004950700000000000000049507484                       
25   543924021961800820210821133325000000964000000024095600000000000000001486601000365272                    000009640000000000000000096400484                       
25   543924021961800820210821133325000000964000000024095600000000000000001486601000365272                    000009640000000000000000096400484                       
25   543924021848800720210821134605000001318000000030269900000000080070821350802000365831                    000013180000000000000000131800484                       
25   543924021848800720210821134605000001318000000030269900000000080070821350802000365831                    000013180000000000000000131800484                       
25   5439240220677001202108211444150000000660000000413788000000000iZHVNuLsUsNj01000368208                    000000660000000000000000006600484                       
25   5439240220677001202108211444150000000660000000413788000000000iZHVNuLsUsNj01000368208                    000000660000000000000000006600484                       
25   543924021263600720210821154215000000485000000355344300000000000000000008101000370661                    000004850000000000000000048500484                       
25   543924021263600720210821154215000000485000000355344300000000000000000008101000370661                    000004850000000000000000048500484                       
25   543924022067000620210821183429000001130740000025503200000000000001170046202000377527                    000011307400000000000000113074484                       
25   543924022067000620210821183429000001130740000025503200000000000001170046202000377527                    000011307400000000000000113074484                       
25   543924022417800620210821190140000000142500000023667900000000000133233332401000378561                    000001425000000000000000014250484                       
25   543924022417800620210821190140000000142500000023667900000000000133233332401000378561                    000001425000000000000000014250484                       
25   543924022297000820210821190454000000272800000009171100000000077833245964701000378679                    000002728000000000000000027280484                       
25   543924022297000820210821190454000000272800000009171100000000077833245964701000378679                    000002728000000000000000027280484                       
25   543924021206200620210821190815000001460580000417887000000000008220000885501000378784                    000014671500000000000000146715484                       
25   543924021206200620210821190815000001460580000417887000000000008220000885501000378784                    000014671500000000000000146715484                       
25   543924022417800620210821191631000000476000000023667900000000012340030629101000379120                    000004760000000000000000047600484                       
25   543924022417800620210821191631000000476000000023667900000000012340030629101000379120                    000004760000000000000000047600484                       
25   5439240212701009202108211940320000000280000000453287000000000RhPKt0pXKmcG01000380031                    000000280000000000000000002800484                       
25   5439240212701009202108211940320000000280000000453287000000000RhPKt0pXKmcG01000380031                    000000280000000000000000002800484                       
25   5439240212701009202108211941300000002520000000453287000000000GzChbf6dc5R201000380068                    000002520000000000000000025200484                       
25   5439240212701009202108211941300000002520000000453287000000000GzChbf6dc5R201000380068                    000002520000000000000000025200484                       
25   543924021961800820210821200041000000234810000024095600000000012340131511201000380790                    000002348100000000000000023481484                       
25   543924021961800820210821200041000000234810000024095600000000012340131511201000380790                    000002348100000000000000023481484                       
25   543924022488100520210821200354000000851790000006779500000000000000014706101000380908                    000008517900000000000000085179484                       
25   543924022488100520210821200354000000851790000006779500000000000000014706101000380908                    000008517900000000000000085179484                       
25   543924022067700120210821202626000000181800000041378800000000000143928049901000381724                    000001818000000000000000018180484                       
25   543924022067700120210821202626000000181800000041378800000000000143928049901000381724                    000001818000000000000000018180484                       
25   543924021380900920210821203648000000100000000335102500000000020370414070401000382097                    000001000000000000000000010000484                       
25   543924021380900920210821203648000000100000000335102500000000020370414070401000382097                    000001000000000000000000010000484                       
25   543924022297000820210821205121000000478000000009171100000000021233018706101000382609                    000004780000000000000000047800484                       
25   543924022297000820210821205121000000478000000009171100000000021233018706101000382609                    000004780000000000000000047800484                       
25   543924021856900420210821212727000000019000000005069300000000000133280199801000383733                    000000190000000000000000001900484                       
25   543924021856900420210821212727000000019000000005069300000000000133280199801000383733                    000000190000000000000000001900484                       
25   543924022417800620210821230939000000106000000023667900000000000207557268501000386342                    000001060000000000000000010600484                       
25   543924022417800620210821230939000000106000000023667900000000000207557268501000386342                    000001060000000000000000010600484                       
25   543924022067700120210822001914000000085000000041378800000000000000000003101000387489                    000000850000000000000000008500484                       
25   543924022067700120210822001914000000085000000041378800000000000000000003101000387489                    000000850000000000000000008500484                       
25   543924022067700120210822083925000000507210000041378800000000034bM2VW1gmCT01000390388                    000005072100000000000000050721484                       
25   543924022067700120210822083925000000507210000041378800000000034bM2VW1gmCT01000390388                    000005072100000000000000050721484                       
25   543924022067700120210822091140000000190000000041378800000000000000000033501000390796                    000001900000000000000000019000484                       
25   543924022067700120210822091140000000190000000041378800000000000000000033501000390796                    000001900000000000000000019000484                       
25   543924022417800620210822100036000000139000000023667900000000067835410062901000391528                    000001390000000000000000013900484                       
25   543924022417800620210822100036000000139000000023667900000000067835410062901000391528                    000001390000000000000000013900484                       
25   543924022067700120210822100637000000028500000041378800000000000133327995601000391649                    000000285000000000000000002850484                       
25   543924022067700120210822100637000000028500000041378800000000000133327995601000391649                    000000285000000000000000002850484                       
25   543924021258200320210822102051000000628000001084032700000000000133330684701000391931                    000006280000000000000000062800484                       
25   543924021258200320210822102051000000628000001084032700000000000133330684701000391931                    000006280000000000000000062800484                       
25   543924022417800620210822111510000000167000000023667900000000012341629718801000393161                    000001670000000000000000016700484                       
25   543924022417800620210822111510000000167000000023667900000000012341629718801000393161                    000001670000000000000000016700484                       
25   543924021263600720210822115144000000984400000355344300000000052948298714301000394105                    000009844000000000000000098440484                       
25   543924021263600720210822115144000000984400000355344300000000052948298714301000394105                    000009844000000000000000098440484                       
25   543924022016900920210822124904000000089000000000121400000000000000000072301000395918                    000000890000000000000000008900484                       
25   543924022016900920210822124904000000089000000000121400000000000000000072301000395918                    000000890000000000000000008900484                       
25   543924022016900920210822125158000000023500000000121400000000000133364635001000396001                    000000235000000000000000002350484                       
25   543924022016900920210822125158000000023500000000121400000000000133364635001000396001                    000000235000000000000000002350484                       
25   543924022067700120210822125539000000658780000041378800000000087833724188401000396113                    000006587800000000000000065878484                       
25   543924022067700120210822125539000000658780000041378800000000087833724188401000396113                    000006587800000000000000065878484                       
25   543924021995000520210822135305000000447000000034031000000000024193977468301000398128                    000004470000000000000000044700484                       
25   543924021995000520210822135305000000447000000034031000000000024193977468301000398128                    000004470000000000000000044700484                       
25   543924022297000820210822143439000000190000000009171100000000087833728262301000399752                    000001900000000000000000019000484                       
25   543924022297000820210822143439000000190000000009171100000000087833728262301000399752                    000001900000000000000000019000484                       
25   543924021850900020210822143723000000125000000015033000000000000133394711801000399870                    000001250000000000000000012500484                       
25   543924021850900020210822143723000000125000000015033000000000000133394711801000399870                    000001250000000000000000012500484                       
25   543924021850900020210822144207000000100000000015033000000000000133396270101000400049                    000001000000000000000000010000484                       
25   543924021850900020210822144207000000100000000015033000000000000133396270101000400049                    000001000000000000000000010000484                       
25   543924021995000520210822144238000001937010000034031000000000000000001830001000400067                    000019370100000000000000193701484                       
25   543924021995000520210822144238000001937010000034031000000000000000001830001000400067                    000019370100000000000000193701484                       
25   543924021263600720210822144830000000328000000355344300000000000000000090301000400282                    000003280000000000000000032800484                       
25   543924021263600720210822144830000000328000000355344300000000000000000090301000400282                    000003280000000000000000032800484                       
25   543924022007100720210822161047000001199000000007619500000000000017094576401000403348                    000011990000000000000000119900484                       
25   543924022007100720210822161047000001199000000007619500000000000017094576401000403348                    000011990000000000000000119900484                       
25   543924022067700120210822165323000000234580000041378800000000000207602148501000404885                    000002345800000000000000023458484                       
25   543924022067700120210822165323000000234580000041378800000000000207602148501000404885                    000002345800000000000000023458484                       
25   5439240220677001202108221700220000001099100000413788UBER* PEN08220046663001000405136                    000001099100000000000000010991484                       
25   5439240220677001202108221700220000001099100000413788UBER* PEN08220046663001000405136                    000001099100000000000000010991484                       
25   543924021995000520210822173413000000457500000034031000000000000000001248401000406349                    000004575000000000000000045750484                       
25   543924021995000520210822173413000000457500000034031000000000000000001248401000406349                    000004575000000000000000045750484                       
25   543924021995000520210822173504000000021000000034031000000000000000001248501000406379                    000000210000000000000000002100484                       
25   543924021995000520210822173504000000021000000034031000000000000000001248501000406379                    000000210000000000000000002100484                       
25   543924022488100520210822180046000000932070000006779500000000021082218004501000407241                    000009320700000000000000093207484                       
25   543924022488100520210822180046000000932070000006779500000000021082218004501000407241                    000009320700000000000000093207484                       
25   54392402073960052021082219022600000109825000008132730000000008ucjVIZ7SI0J01000409295                    000010982500000000000000109825484                       
25   54392402073960052021082219022600000109825000008132730000000008ucjVIZ7SI0J01000409295                    000010982500000000000000109825484                       
25   543924021856900420210822190752000000002700000005069300000000000000009738801000409486                    000000027000000000000000000270484                       
25   543924021856900420210822190752000000002700000005069300000000000000009738801000409486                    000000027000000000000000000270484                       
25   5439240211471000202108221948570000040313200002332915000000000        349802000410829                    000040313200000000000000403132484                       
25   5439240211471000202108221948570000040313200002332915000000000        349802000410829                    000040313200000000000000403132484                       
25   543924021961800820210822203905000000296000000024095600000000067835491976401000412591                    000002960000000000000000029600484                       
25   543924021961800820210822203905000000296000000024095600000000067835491976401000412591                    000002960000000000000000029600484                       
25   543924021541700920210822205601000000620400001853881700000000012350132086901000413111                    000006204000000000000000062040484                       
25   543924021541700920210822205601000000620400001853881700000000012350132086901000413111                    000006204000000000000000062040484                       
25   5439240219931005202108222113320000005100500000416517LATER.COM08230020442901000413610                    000005123500000000000000051235484                       
25   5439240219931005202108222113320000005100500000416517LATER.COM08230020442901000413610                    000005123500000000000000051235484                       
25   543924021840000220210822220112000000378000000024546800000000016625766092701000414808                    000003780000000000000000037800484                       
25   543924021840000220210822220112000000378000000024546800000000016625766092701000414808                    000003780000000000000000037800484                       
25   543924021548800020210822221201000000220550001734744600000000012354444731501000415045                    000002215400000000000000022154484                       
25   543924021548800020210822221201000000220550001734744600000000012354444731501000415045                    000002215400000000000000022154484                       
25   543924021548800020210823000729000000220550001734744600000000012354646409901000416937                    000002215400000000000000022154484                       
25   543924021548800020210823000729000000220550001734744600000000012354646409901000416937                    000002215400000000000000022154484                       
25   543924020640800920210824095640000000000000001085651500000000012361432158701000452650                    000000000000000000000000000000484                       
25   543924020720700420210824104202000000000000000075736600000000000002189615701000453874                    000000000000000000000000000000484                       
25   543924020720700420210824104218000000000000000075736600000000000002205265701000453882                    000000000000000000000000000000484                       
990000016500000000000000000000000000000000000000000000000000000000000000000000000000000000000000000000000000000000000000000000000000000000000000000000000000000000000
