19LOG_LIQ202108110000000000000000000000000000000000000000000000000000000000000000000000000000000000000000000000000000000000000000000000000000000000000000000000000000
25   5439240215488000202108081254020000013480000017320823000000000 1529254203101000925025                    000013480000000000000000134800484                       
25   5439240215488000202108081254020000013480000017320823000000000 1529254203101000925025                    000013480000000000000000134800484                       
25   543924021975600620210809044054000005326720000067945900000000021080918681101000946879                    000053506900000000000000535069484                       
25   543924021975600620210809044054000005326720000067945900000000021080918681101000946879                    000053506900000000000000535069484                       
25   543924021136600220210809081510000002271880001335335200000000000000000861501000948041                    000022821000000000000000228210484                       
25   543924021136600220210809081510000002271880001335335200000000000000000861501000948041                    000022821000000000000000228210484                       
25   5439240219950005202108090815190000000558600000002275UBER* PEN08090075042101000948044                    000000558600000000000000005586484                       
25   5439240219950005202108090815190000000558600000002275UBER* PEN08090075042101000948044                    000000558600000000000000005586484                       
25   543924022368100020210809093912000000850000000062855800000000008090939116801000949577                    000008500000000000000000085000484                       
25   543924022368100020210809093912000000850000000062855800000000008090939116801000949577                    000008500000000000000000085000484                       
25   543924020741400620210809101656000000200040000013974800000000012216969285001000950552                    000002009400000000000000020094484                       
25   543924020741400620210809101656000000200040000013974800000000012216969285001000950552                    000002009400000000000000020094484                       
25   543924021541700920210809102400000000199000001535625500000000000029283260801000950713                    000001990000000000000000019900484                       
25   543924021541700920210809102400000000199000001535625500000000000029283260801000950713                    000001990000000000000000019900484                       
25   5439240223681000202108091027050000005380000000628558000000000yi1nsWcIH1xi01000950790                    000005380000000000000000053800484                       
25   5439240223681000202108091027050000005380000000628558000000000yi1nsWcIH1xi01000950790                    000005380000000000000000053800484                       
25   543924021128900620210809122028000000490000000065417100000000012211775005401000954308                    000004900000000000000000049000484                       
25   543924021128900620210809122028000000490000000065417100000000012211775005401000954308                    000004900000000000000000049000484                       
25   543924022084600220210809124056000002097000000019566800000000000000000071801000955003                    000020970000000000000000209700484                       
25   543924022084600220210809124056000002097000000019566800000000000000000071801000955003                    000020970000000000000000209700484                       
25   543924022070500020210809124444000000578000000377692500000000017444300026701000955117                    000005780000000000000000057800484                       
25   543924022070500020210809124444000000578000000377692500000000017444300026701000955117                    000005780000000000000000057800484                       
25   543924021548800020210809125605000000367870001732082300000000012213333684701000955493                    000003695300000000000000036953484                       
25   543924021548800020210809125605000000367870001732082300000000012213333684701000955493                    000003695300000000000000036953484                       
25   543924021548800020210809130103000000350060001732082300000000012213232483001000955672                    000003516400000000000000035164484                       
25   543924021548800020210809130103000000350060001732082300000000012213232483001000955672                    000003516400000000000000035164484                       
25   543924021548800020210809130317000000324660001732082300000000012213939997101000955745                    000003261200000000000000032612484                       
25   543924021548800020210809130317000000324660001732082300000000012213939997101000955745                    000003261200000000000000032612484                       
25   543924021548800020210809130355000000324860001732082300000000012213434936801000955772                    000003263200000000000000032632484                       
25   543924021548800020210809130355000000324860001732082300000000012213434936801000955772                    000003263200000000000000032632484                       
25   543924022087000220210809130446000000050000000026931700000000000000756436301000955804                    000000500000000000000000005000484                       
25   543924022087000220210809130446000000050000000026931700000000000000756436301000955804                    000000500000000000000000005000484                       
25   543924021548800020210809130736000000216240001732082300000000012214747085901000955915                    000002172100000000000000021721484                       
25   543924021548800020210809130736000000216240001732082300000000012214747085901000955915                    000002172100000000000000021721484                       
25   543924021548800020210809131929000000324660001732082300000000012214444769201000956276                    000003261200000000000000032612484                       
25   543924021548800020210809131929000000324660001732082300000000012214444769201000956276                    000003261200000000000000032612484                       
25   543924021548800020210809131942000000313860001732082300000000012214343720201000956282                    000003152700000000000000031527484                       
25   543924021548800020210809131942000000313860001732082300000000012214343720201000956282                    000003152700000000000000031527484                       
25   543924021548800020210809132019000000173030001732082300000000012214747908201000956301                    000001738100000000000000017381484                       
25   543924021548800020210809132019000000173030001732082300000000012214747908201000956301                    000001738100000000000000017381484                       
25   543924022084600220210809132036000001032910000019566800000000008090120355701000956311                    000010329100000000000000103291484                       
25   543924022084600220210809132036000001032910000019566800000000008090120355701000956311                    000010329100000000000000103291484                       
25   543924020597500820210809132525000000499000000428937500000000000070179127001000956483                    000004990000000000000000049900484                       
25   543924020597500820210809132525000000499000000428937500000000000070179127001000956483                    000004990000000000000000049900484                       
25   543924020720700420210809132851000000154350000115558400000000000000000004301000956602                    000001543500000000000000015435484                       
25   543924020720700420210809132851000000154350000115558400000000000000000004301000956602                    000001543500000000000000015435484                       
25   543924022062900220210809134457000000040000000025258800000000000130133320901000957171                    000000400000000000000000004000484                       
25   543924022062900220210809134457000000040000000025258800000000000130133320901000957171                    000000400000000000000000004000484                       
25   5439240223681000202108091406050000010348000000628558000000000      69248802000957930                    000010348000000000000000103480484                       
25   5439240223681000202108091406050000010348000000628558000000000      69248802000957930                    000010348000000000000000103480484                       
25   543924021548800020210809143642000000273650001732082300000000012213333774901000959157                    000002748800000000000000027488484                       
25   543924021548800020210809143642000000273650001732082300000000012213333774901000959157                    000002748800000000000000027488484                       
25   543924021548800020210809143732000000129620001732082300000000012213838170101000959191                    000001302000000000000000013020484                       
25   543924021548800020210809143732000000129620001732082300000000012213838170101000959191                    000001302000000000000000013020484                       
25   543924022070500020210809150200000000042000000377692500000000000130156346801000960115                    000000420000000000000000004200484                       
25   543924022070500020210809150200000000042000000377692500000000000130156346801000960115                    000000420000000000000000004200484                       
25   543924022070500020210809150916000000700010000377692500000000087833286880301000960387                    000007000100000000000000070001484                       
25   543924022070500020210809150916000000700010000377692500000000087833286880301000960387                    000007000100000000000000070001484                       
25   543924022368100020210809164917000000876000000062855800000000000000000262501000964136                    000008760000000000000000087600484                       
25   543924022368100020210809164917000000876000000062855800000000000000000262501000964136                    000008760000000000000000087600484                       
25   543924022089000020210809171642000000115000000159108500000000000060389375901000965047                    000001150000000000000000011500484                       
25   543924022089000020210809171642000000115000000159108500000000000060389375901000965047                    000001150000000000000000011500484                       
25   543924020739600520210809174621000002719750000025035000000000000000000014301000966081                    000027197500000000000000271975484                       
25   543924020739600520210809174621000002719750000025035000000000000000000014301000966081                    000027197500000000000000271975484                       
25   5439240220890000202108091756260000001880000001591085000000000HPyHHWM80N1R01000966486                    000001880000000000000000018800484                       
25   5439240220890000202108091756260000001880000001591085000000000HPyHHWM80N1R01000966486                    000001880000000000000000018800484                       
25   543924022089000020210809180344000000059000000159108500000000000000000042101000966757                    000000590000000000000000005900484                       
25   543924022089000020210809180344000000059000000159108500000000000000000042101000966757                    000000590000000000000000005900484                       
25   543924021961800820210809181145000000035000000141705300000000000130210731901000967047                    000000350000000000000000003500484                       
25   543924021961800820210809181145000000035000000141705300000000000130210731901000967047                    000000350000000000000000003500484                       
25   543924021263600720210809184513000000496370000084390500000000000000000041301000968276                    000004963700000000000000049637484                       
25   543924021263600720210809184513000000496370000084390500000000000000000041301000968276                    000004963700000000000000049637484                       
25   543924021263600720210809185937000000170920000084390500000000000000100180901000968848                    000001709200000000000000017092484                       
25   543924021263600720210809185937000000170920000084390500000000000000100180901000968848                    000001709200000000000000017092484                       
25   543924021548800020210809191847000000259650001732082300000000012224848184101000969613                    000002608200000000000000026082484                       
25   543924021548800020210809191847000000259650001732082300000000012224848184101000969613                    000002608200000000000000026082484                       
25   543924021893600520210809191955000000258000000007741200000000080721081315901000969650                    000002580000000000000000025800484                       
25   543924021893600520210809191955000000258000000007741200000000080721081315901000969650                    000002580000000000000000025800484                       
25   5439240220677001202108091941170000002540000000514986000000000mPnesX7U1vDs01000970457                    000002540000000000000000025400484                       
25   5439240220677001202108091941170000002540000000514986000000000mPnesX7U1vDs01000970457                    000002540000000000000000025400484                       
25   543924021995000520210809205554000000043010000000227500000000093833584043201000973039                    000000430100000000000000004301484                       
25   543924021995000520210809205554000000043010000000227500000000093833584043201000973039                    000000430100000000000000004301484                       
25   543924020720700420210809211431000000064000000115558400000000011007154852701000973644                    000000640000000000000000006400484                       
25   543924020720700420210809211431000000064000000115558400000000011007154852701000973644                    000000640000000000000000006400484                       
25   543924021893600520210809213648000000050000000007741200000000025450011675701000974320                    000000500000000000000000005000484                       
25   543924021893600520210809213648000000050000000007741200000000025450011675701000974320                    000000500000000000000000005000484                       
25   543924022087000220210811090754000000000000000026931700000000012231431620101000012094                    000000000000000000000000000000484                       
990000008700000000000000000000000000000000000000000000000000000000000000000000000000000000000000000000000000000000000000000000000000000000000000000000000000000000000
