19LOG_LIQ202108190000000000000000000000000000000000000000000000000000000000000000000000000000000000000000000000000000000000000000000000000000000000000000000000000000
25   543924021263600720210817115027000000992010000431729700000000067892038732201000225385                    000009920100000000000000099201484                       
25   543924021263600720210817115027000000992010000431729700000000067892038732201000225385                    000009920100000000000000099201484                       
25   5439240215488000202108172103480000002940400019319812000000000 2529383283201000246380                    000002940400000000000000029404484                       
25   5439240215488000202108172103480000002940400019319812000000000 2529383283201000246380                    000002940400000000000000029404484                       
25   5439240215488000202108172119090000005880700019319812000000000 2029331369301000246930                    000005880700000000000000058807484                       
25   5439240215488000202108172119090000005880700019319812000000000 2029331369301000246930                    000005880700000000000000058807484                       
25   543924022297000820210817235447000000044110000046223200000000093834798554601000250329                    000000441100000000000000004411484                       
25   543924022297000820210817235447000000044110000046223200000000093834798554601000250329                    000000441100000000000000004411484                       
25   543924022062900220210818075015000000035000000024098800000000000132306670401000252859                    000000350000000000000000003500484                       
25   543924022062900220210818075015000000035000000024098800000000000132306670401000252859                    000000350000000000000000003500484                       
25   543924022067700120210818090800000000108320000002025500000000051834364086801000254078                    000001083200000000000000010832484                       
25   543924022067700120210818090800000000108320000002025500000000051834364086801000254078                    000001083200000000000000010832484                       
25   543924022062900220210818092121000000346000000024098800000000014212084545001000254368                    000003460000000000000000034600484                       
25   543924022062900220210818092121000000346000000024098800000000014212084545001000254368                    000003460000000000000000034600484                       
25   543924021973200720210818093724000001000130001060207900000000021230089954001000254726                    000010001300000000000000100013484                       
25   543924021973200720210818093724000001000130001060207900000000021230089954001000254726                    000010001300000000000000100013484                       
25   543924022062900220210818095008000000057000000024098800000000000210552057901000255040                    000000570000000000000000005700484                       
25   543924022062900220210818095008000000057000000024098800000000000210552057901000255040                    000000570000000000000000005700484                       
25   543924022539100420210818100509000001430000000049780000000000051834369401101000255414                    000014300000000000000000143000484                       
25   543924022539100420210818100509000001430000000049780000000000051834369401101000255414                    000014300000000000000000143000484                       
25   543924022623500220210818103429000001319000000314889000000000077833119334001000256277                    000013190000000000000000131900484                       
25   543924022623500220210818103429000001319000000314889000000000077833119334001000256277                    000013190000000000000000131900484                       
25   543924022067000620210818103507000000960040000043815200000000000207210252401000256289                    000009600400000000000000096004484                       
25   543924022067000620210818103507000000960040000043815200000000000207210252401000256289                    000009600400000000000000096004484                       
25   5439240205975008202108181051330000006290000005244666000000000        422402000256746                    000006290000000000000000062900484                       
25   5439240205975008202108181051330000006290000005244666000000000        422402000256746                    000006290000000000000000062900484                       
25   543924021848800720210818105258000000068000000055083300000000000132337335301000256790                    000000680000000000000000006800484                       
25   543924021848800720210818105258000000068000000055083300000000000132337335301000256790                    000000680000000000000000006800484                       
25   543924021848800720210818110731000000264000000055083300000000077833120455801000257184                    000002640000000000000000026400484                       
25   543924021848800720210818110731000000264000000055083300000000077833120455801000257184                    000002640000000000000000026400484                       
25   543924022623500220210818120601000000328000000314889000000000000000000075101000259050                    000003700000000000000000037000484                       
25   543924022623500220210818120601000000328000000314889000000000000000000075101000259050                    000003700000000000000000037000484                       
25   543924021541700920210818120708000000149000001931718800000000012303636800101000259086                    000001490000000000000000014900484                       
25   543924021541700920210818120708000000149000001931718800000000012303636800101000259086                    000001490000000000000000014900484                       
25   5439240212636007202108181255440000005120100004317297000000000olVCQhHb3wh301000260799                    000005120100000000000000051201484                       
25   5439240212636007202108181255440000005120100004317297000000000olVCQhHb3wh301000260799                    000005120100000000000000051201484                       
25   543924022067000620210818131942000000078500000043815200000000000132373127701000261760                    000000785000000000000000007850484                       
25   543924022067000620210818131942000000078500000043815200000000000132373127701000261760                    000000785000000000000000007850484                       
25   543924022067000620210818132018000000028000000043815200000000000132373219301000261788                    000000280000000000000000002800484                       
25   543924022067000620210818132018000000028000000043815200000000000132373219301000261788                    000000280000000000000000002800484                       
25   543924022297000820210818135029000000129000000046223200000000000000000034901000262909                    000001290000000000000000012900484                       
25   543924022297000820210818135029000000129000000046223200000000000000000034901000262909                    000001290000000000000000012900484                       
25   5439240223883002202108181427350000002130000002027839000000000B4Ti08UZBei101000264432                    000002130000000000000000021300484                       
25   5439240223883002202108181427350000002130000002027839000000000B4Ti08UZBei101000264432                    000002130000000000000000021300484                       
25   543924022388300220210818143656000000399000000202783900000000000000001277001000264821                    000003990000000000000000039900484                       
25   543924022388300220210818143656000000399000000202783900000000000000001277001000264821                    000003990000000000000000039900484                       
25   5439240212636007202108181445100000007001500004317297000000000PgKNqw0ariCd01000265163                    000007001500000000000000070015484                       
25   5439240212636007202108181445100000007001500004317297000000000PgKNqw0ariCd01000265163                    000007001500000000000000070015484                       
25   543924021128900620210818145019000011900000000161937100000000000029578216101000265382                    000119000000000000000001190000484                       
25   543924021128900620210818145019000011900000000161937100000000000029578216101000265382                    000119000000000000000001190000484                       
25   543924021840000220210818150151000000101000000065306000000000011030939719801000265877                    000001010000000000000000010100484                       
25   543924021840000220210818150151000000101000000065306000000000011030939719801000265877                    000001010000000000000000010100484                       
25   543924022067700120210818150745000000063000000002025500000000000132403628301000266142                    000000630000000000000000006300484                       
25   543924022067700120210818150745000000063000000002025500000000000132403628301000266142                    000000630000000000000000006300484                       
25   543924021206200620210818152624000002022310000453111900000000008182020005901000266932                    000020314100000000000000203141484                       
25   543924021206200620210818152624000002022310000453111900000000008182020005901000266932                    000020314100000000000000203141484                       
25   543924021973200720210818161841000004163000001060207900000000087833595093401000268945                    000041630000000000000000416300484                       
25   543924021973200720210818161841000004163000001060207900000000087833595093401000268945                    000041630000000000000000416300484                       
25   543924020597500820210818164100000000450360000524466600000000087833595990301000269790                    000004503600000000000000045036484                       
25   543924020597500820210818164100000000450360000524466600000000087833595990301000269790                    000004503600000000000000045036484                       
25   5439240220670006202108181726310000002310000000438152000000000PmdmfkLQL1X501000271475                    000002310000000000000000023100484                       
25   5439240220670006202108181726310000002310000000438152000000000PmdmfkLQL1X501000271475                    000002310000000000000000023100484                       
25   543924020739600520210818173103000000047840000273775300000000000000001900101000271678                    000000478400000000000000004784484                       
25   543924020739600520210818173103000000047840000273775300000000000000001900101000271678                    000000478400000000000000004784484                       
25   543924021840000220210818183210000000279520000065306000000000000000000060201000274003                    000002795200000000000000027952484                       
25   543924021840000220210818183210000000279520000065306000000000000000000060201000274003                    000002795200000000000000027952484                       
25   5439240221160007202108181858150000003983000000156996000000000 6400623850301000275015                    000003983000000000000000039830484                       
25   5439240221160007202108181858150000003983000000156996000000000 6400623850301000275015                    000003983000000000000000039830484                       
25   543924022539100420210818195903000000637000000049780000000000050014502727501000277448                    000006370000000000000000063700484                       
25   543924022539100420210818195903000000637000000049780000000000050014502727501000277448                    000006370000000000000000063700484                       
25   543924021548800020210818202801000000251090001931981200000000012313232489801000278554                    000002522200000000000000025222484                       
25   543924021548800020210818202801000000251090001931981200000000012313232489801000278554                    000002522200000000000000025222484                       
25   543924022067000620210818213223000000023900000043815200000000000210565264101000280765                    000000239000000000000000002390484                       
25   543924022067000620210818213223000000023900000043815200000000000210565264101000280765                    000000239000000000000000002390484                       
25   543924020739600520210818215615000002833600000273775300000000000000000008501000281414                    000028336000000000000000283360484                       
25   543924020739600520210818215615000002833600000273775300000000000000000008501000281414                    000028336000000000000000283360484                       
25   543924020739600520210818220352000000239200000273775300000000000000000008601000281652                    000002392000000000000000023920484                       
25   543924020739600520210818220352000000239200000273775300000000000000000008601000281652                    000002392000000000000000023920484                       
25   543924022070600820210818224450000000699000000202277300000000000000000002401000282586                    000006990000000000000000069900484                       
25   543924022070600820210818224450000000699000000202277300000000000000000002401000282586                    000006990000000000000000069900484                       
25   543924021548800020210818232321000000472590001931981200000000012313838579201000283308                    000004747200000000000000047472484                       
25   543924021548800020210818232321000000472590001931981200000000012313838579201000283308                    000004747200000000000000047472484                       
25   543924021548800020210819000826000000257890001931981200000000012313838683601000283903                    000002590500000000000000025905484                       
25   543924021548800020210819000826000000257890001931981200000000012313838683601000283903                    000002590500000000000000025905484                       
25   543924021548800020210819001417000000358240001931981200000000012313434445201000283987                    000003598500000000000000035985484                       
25   543924021548800020210819001417000000358240001931981200000000012313434445201000283987                    000003598500000000000000035985484                       
25   543924021548800020210819001845000000273880001931981200000000012313636162501000284051                    000002751100000000000000027511484                       
25   543924021548800020210819001845000000273880001931981200000000012313636162501000284051                    000002751100000000000000027511484                       
990000008800000000000000000000000000000000000000000000000000000000000000000000000000000000000000000000000000000000000000000000000000000000000000000000000000000000000
