19LOG_LIQ202108280000000000000000000000000000000000000000000000000000000000000000000000000000000000000000000000000000000000000000000000000000000000000000000000000000
25   543924021548800020210824231459000000390960001715394300000000012374545486901000479263                    000003909600000000000000039096484                       
25   543924021548800020210824231459000000390960001715394300000000012374545486901000479263                    000003909600000000000000039096484                       
25   543924021541700920210825141426000000477510001831405700000000093835874158001000493854                    000004775100000000000000047751484                       
25   543924021541700920210825141426000000477510001831405700000000093835874158001000493854                    000004775100000000000000047751484                       
25   543924022070500020210825151916000000602000000178447600000000062992272528801000496485                    000006020000000000000000060200484                       
25   543924022070500020210825151916000000602000000178447600000000062992272528801000496485                    000006020000000000000000060200484                       
25   543924022084600220210825151931000000548000000043794300000000062992274103701000496499                    000005480000000000000000054800484                       
25   543924022084600220210825151931000000548000000043794300000000062992274103701000496499                    000005480000000000000000054800484                       
25   5439240214289003202108251611170000021353600000041901000000000 2529925726401000498472                    000021353600000000000000213536484                       
25   5439240214289003202108251611170000021353600000041901000000000 2529925726401000498472                    000021353600000000000000213536484                       
25   5439240214289003202108251623000000021353600000041901000000000 1530402585601000498923                    000021353600000000000000213536484                       
25   5439240214289003202108251623000000021353600000041901000000000 1530402585601000498923                    000021353600000000000000213536484                       
25   543924022084600220210825203838000000093000000043794300000000062994188750801000508750                    000000930000000000000000009300484                       
25   543924022084600220210825203838000000093000000043794300000000062994188750801000508750                    000000930000000000000000009300484                       
25   543924022488100520210825222220000000059000000000560500000000012383434420001000511916                    000000590000000000000000005900484                       
25   543924022488100520210825222220000000059000000000560500000000012383434420001000511916                    000000590000000000000000005900484                       
25   543924022087000220210825230707000000615000000285568900000000000134198732101000512942                    000006150000000000000000061500484                       
25   543924022087000220210825230707000000615000000285568900000000000134198732101000512942                    000006150000000000000000061500484                       
25   543924022328600820210825230945000004030740000000752100000000000001200034802000512995                    000040307400000000000000403074484                       
25   543924022328600820210825230945000004030740000000752100000000000001200034802000512995                    000040307400000000000000403074484                       
25   543924021136600220210826050241000000181430001234004600000000000000000556401000515901                    000001822500000000000000018225484                       
25   543924021136600220210826050241000000181430001234004600000000000000000556401000515901                    000001822500000000000000018225484                       
25   543924021136600220210826082609000002585340001234004600000000000000000170701000517250                    000025969700000000000000259697484                       
25   543924021136600220210826082609000002585340001234004600000000000000000170701000517250                    000025969700000000000000259697484                       
25   543924022067000620210826090234000000106000000097996400000000021238004196201000517880                    000001060000000000000000010600484                       
25   543924022067000620210826090234000000106000000097996400000000021238004196201000517880                    000001060000000000000000010600484                       
25   543924022067700120210826091418000000079160000032290700000000067835976204601000518131                    000000791600000000000000007916484                       
25   543924022067700120210826091418000000079160000032290700000000067835976204601000518131                    000000791600000000000000007916484                       
25   5439240205975008202108260915100000016290000002617333000000000        701502000518150                    000016290000000000000000162900484                       
25   5439240205975008202108260915100000016290000002617333000000000        701502000518150                    000016290000000000000000162900484                       
25   543924022067700120210826091909000000289030000032290700000000029969544149301000518235                    000002890300000000000000028903484                       
25   543924022067700120210826091909000000289030000032290700000000029969544149301000518235                    000002890300000000000000028903484                       
25   543924022070500020210826093630000000352000000178447600000000021238087633701000518625                    000003520000000000000000035200484                       
25   543924022070500020210826093630000000352000000178447600000000021238087633701000518625                    000003520000000000000000035200484                       
25   543924022084600220210826095813000000437800000043794300000000021238087686401000519107                    000004378000000000000000043780484                       
25   543924022084600220210826095813000000437800000043794300000000021238087686401000519107                    000004378000000000000000043780484                       
25   543924022084600220210826101332000000008500000043794300000000000000003784801000519484                    000000085000000000000000000850484                       
25   543924022084600220210826101332000000008500000043794300000000000000003784801000519484                    000000085000000000000000000850484                       
25   543924022067700120210826101700000000468040000032290700000000000000003574001000519580                    000004680400000000000000046804484                       
25   543924022067700120210826101700000000468040000032290700000000000000003574001000519580                    000004680400000000000000046804484                       
25   543924022067700120210826104540000000072580000032290700000000067835985617601000520380                    000000725800000000000000007258484                       
25   543924022067700120210826104540000000072580000032290700000000067835985617601000520380                    000000725800000000000000007258484                       
25   543924021084600420210826110704000000534800000014713500000000020381100894802000520985                    000005348000000000000000053480484                       
25   543924021084600420210826110704000000534800000014713500000000020381100894802000520985                    000005348000000000000000053480484                       
25   543924021258200320210826111904000000080000001074512700000000021238005696801000521341                    000000800000000000000000008000484                       
25   543924021258200320210826111904000000080000001074512700000000021238005696801000521341                    000000800000000000000000008000484                       
25   5439240219756006202108261223360000027700000000019161000000000bkdsl58r9jhw01000523284                    000027700000000000000000277000484                       
25   5439240219756006202108261223360000027700000000019161000000000bkdsl58r9jhw01000523284                    000027700000000000000000277000484                       
25   543924021995000520210826122452000000386140000000000000000000000000000463101000523315                    000003861400000000000000038614484                       
25   543924021995000520210826122452000000386140000000000000000000000000000463101000523315                    000003861400000000000000038614484                       
25   543924021848800720210826124126000000744150000014668300000000000207912605901000523879                    000007441500000000000000074415484                       
25   543924021848800720210826124126000000744150000014668300000000000207912605901000523879                    000007441500000000000000074415484                       
25   543924022539100420210826130130000000091000000004110000000000012381801104101000524607                    000000910000000000000000009100484                       
25   543924022539100420210826130130000000091000000004110000000000012381801104101000524607                    000000910000000000000000009100484                       
25   543924021263600720210826131929000000450000000241335200000000087833851807601000525259                    000004500000000000000000045000484                       
25   543924021263600720210826131929000000450000000241335200000000087833851807601000525259                    000004500000000000000000045000484                       
25   5439240220846002202108261341160000001890000000437943000000000MQgxNo18YsW401000526097                    000001890000000000000000018900484                       
25   5439240220846002202108261341160000001890000000437943000000000MQgxNo18YsW401000526097                    000001890000000000000000018900484                       
25   543924021840000220210826134933000000214000000002963800000000000000000043601000526430                    000002140000000000000000021400484                       
25   543924021840000220210826134933000000214000000002963800000000000000000043601000526430                    000002140000000000000000021400484                       
25   543924021136600220210826135117000000577460001234004600000000000000001938901000526503                    000005800600000000000000058006484                       
25   543924021136600220210826135117000000577460001234004600000000000000001938901000526503                    000005800600000000000000058006484                       
25   543924022417800620210826143334000000048500000001422300000000000207922989201000528167                    000000485000000000000000004850484                       
25   543924022417800620210826143334000000048500000001422300000000000207922989201000528167                    000000485000000000000000004850484                       
25   543924022089000020210826145036000000500000000110845100000000000207924616301000528863                    000005000000000000000000050000484                       
25   543924022089000020210826145036000000500000000110845100000000000207924616301000528863                    000005000000000000000000050000484                       
25   543924020720700420210826150555000000859620000060919300000000012382020052901000529470                    000008634900000000000000086349484                       
25   543924020720700420210826150555000000859620000060919300000000012382020052901000529470                    000008634900000000000000086349484                       
25   543924021258200320210826151009000000595000001074512700000000000000000029001000529627                    000005950000000000000000059500484                       
25   543924021258200320210826151009000000595000001074512700000000000000000029001000529627                    000005950000000000000000059500484                       
25   543924021848800720210826152215000000200000000014668300000000077833394904901000530134                    000002000000000000000000020000484                       
25   543924021848800720210826152215000000200000000014668300000000077833394904901000530134                    000002000000000000000000020000484                       
25   543924022178500120210826154148000000040000000149011500000000000000000005601000530885                    000000400000000000000000004000484                       
25   543924022178500120210826154148000000040000000149011500000000000000000005601000530885                    000000400000000000000000004000484                       
25   5439240211471000202108261621530000040348000001915060000000000        860202000532388                    000040348000000000000000403480484                       
25   5439240211471000202108261621530000040348000001915060000000000        860202000532388                    000040348000000000000000403480484                       
25   543924021380900920210826170949000000060000000330177500000000000000000006001000534096                    000000600000000000000000006000484                       
25   543924021380900920210826170949000000060000000330177500000000000000000006001000534096                    000000600000000000000000006000484                       
25   543924022084600220210826171257000000060000000043794300000000000134335617301000534209                    000000600000000000000000006000484                       
25   543924022084600220210826171257000000060000000043794300000000000134335617301000534209                    000000600000000000000000006000484                       
25   543924022070500020210826172546000000105600000178447600000000000000006652201000534699                    000001056000000000000000010560484                       
25   543924022070500020210826172546000000105600000178447600000000000000006652201000534699                    000001056000000000000000010560484                       
25   543924022067000620210826172629000000119000000097996400000000000000006652301000534728                    000001190000000000000000011900484                       
25   543924022067000620210826172629000000119000000097996400000000000000006652301000534728                    000001190000000000000000011900484                       
25   543924021961800820210826174240000000192000000015186200000000000207940215201000535353                    000001920000000000000000019200484                       
25   543924021961800820210826174240000000192000000015186200000000000207940215201000535353                    000001920000000000000000019200484                       
25   543924022417800620210826180454000000175000000001422300000000051835597088801000536212                    000001750000000000000000017500484                       
25   543924022417800620210826180454000000175000000001422300000000051835597088801000536212                    000001750000000000000000017500484                       
25   543924021263600720210826184026000000155600000241335200000000000000000091601000537600                    000001556000000000000000015560484                       
25   543924021263600720210826184026000000155600000241335200000000000000000091601000537600                    000001556000000000000000015560484                       
25   5439240223286008202108261938460000028348000000007521000000000        943602000539971                    000028348000000000000000283480484                       
25   5439240223286008202108261938460000028348000000007521000000000        943602000539971                    000028348000000000000000283480484                       
25   543924022067000620210826195414000000059000000097996400000000000134387141201000540558                    000000590000000000000000005900484                       
25   543924022067000620210826195414000000059000000097996400000000000134387141201000540558                    000000590000000000000000005900484                       
25   543924022067000620210826195647000000075000000097996400000000000036354538301000540665                    000000750000000000000000007500484                       
25   543924022067000620210826195647000000075000000097996400000000000036354538301000540665                    000000750000000000000000007500484                       
25   543924021848800720210826204324000000149300000014668300000000000000001422001000542449                    000001493000000000000000014930484                       
25   543924021848800720210826204324000000149300000014668300000000000000001422001000542449                    000001493000000000000000014930484                       
25   543924021848800720210826204644000000466710000014668300000000000000008683401000542578                    000004667100000000000000046671484                       
25   543924021848800720210826204644000000466710000014668300000000000000008683401000542578                    000004667100000000000000046671484                       
25   543924022084600220210826205722000000822800000043794300000000021238089236301000542940                    000008228000000000000000082280484                       
25   543924022084600220210826205722000000822800000043794300000000021238089236301000542940                    000008228000000000000000082280484                       
25   543924022070500020210826220850000000265100000178447600000000021238089397401000545254                    000002651000000000000000026510484                       
25   543924022070500020210826220850000000265100000178447600000000021238089397401000545254                    000002651000000000000000026510484                       
25   543924021147100020210826224226000000143750000191506000000000000000000027001000546094                    000001437500000000000000014375484                       
25   543924021147100020210826224226000000143750000191506000000000000000000027001000546094                    000001437500000000000000014375484                       
990000010600000000000000000000000000000000000000000000000000000000000000000000000000000000000000000000000000000000000000000000000000000000000000000000000000000000000
