19LOG_LIQ202108150000000000000000000000000000000000000000000000000000000000000000000000000000000000000000000000000000000000000000000000000000000000000000000000000000
25   543924020566400820210813225538000007653250000004053100000000000000000026401000109995                    000076532500000000000000765325484                       
25   543924020566400820210813225538000007653250000004053100000000000000000026401000109995                    000076532500000000000000765325484                       
25   5439240205975008202108131212220000003790000006737425000000000        258102000082019                    000003790000000000000000037900484                       
25   5439240205975008202108131212220000003790000006737425000000000        258102000082019                    000003790000000000000000037900484                       
25   543924020720700420210813145539000000240000000110648400000000000193789758501000088857                    000002400000000000000000024000484                       
25   543924020720700420210813145539000000240000000110648400000000000193789758501000088857                    000002400000000000000000024000484                       
25   543924020739600520210813192037000001265000000285205300000000077832970079201000101141                    000012650000000000000000126500484                       
25   543924020739600520210813192037000001265000000285205300000000077832970079201000101141                    000012650000000000000000126500484                       
25   543924021052200120210813145053000000404250001302243900000000000000000045501000088651                    000004060700000000000000040607484                       
25   543924021052200120210813145053000000404250001302243900000000000000000045501000088651                    000004060700000000000000040607484                       
25   543924021052200120210813135531000000454570001302243900000000000000000104201000086132                    000004566200000000000000045662484                       
25   543924021052200120210813135531000000454570001302243900000000000000000104201000086132                    000004566200000000000000045662484                       
25   543924021136600220210813085215000003388620001097975900000000000000000176001000076295                    000034038700000000000000340387484                       
25   543924021136600220210813085215000003388620001097975900000000000000000176001000076295                    000034038700000000000000340387484                       
25   543924021258200320210812214908000000132000001093052700000000000206724475901000069486                    000001320000000000000000013200484                       
25   543924021258200320210812214908000000132000001093052700000000000206724475901000069486                    000001320000000000000000013200484                       
25   543924021263600720210813131257000001033000000512677100000000000000000236701000084347                    000010330000000000000000103300484                       
25   543924021263600720210813131257000001033000000512677100000000000000000236701000084347                    000010330000000000000000103300484                       
25   543924021263600720210812192856000000799000000512677100000000039180208121901000064242                    000007990000000000000000079900484                       
25   543924021263600720210812192856000000799000000512677100000000039180208121901000064242                    000007990000000000000000079900484                       
25   543924021263600720210813124350000000348620000512677100000000000000000121601000083179                    000003486200000000000000034862484                       
25   543924021263600720210813124350000000348620000512677100000000000000000121601000083179                    000003486200000000000000034862484                       
25   543924021263600720210813153954000000310500000512677100000000000131099895001000090855                    000003105000000000000000031050484                       
25   543924021263600720210813153954000000310500000512677100000000000131099895001000090855                    000003105000000000000000031050484                       
25   543924021263600720210813161200000000070000000512677100000000000131110180801000092302                    000000700000000000000000007000484                       
25   543924021263600720210813161200000000070000000512677100000000000131110180801000092302                    000000700000000000000000007000484                       
25   543924021541700920210813163709000000311000001484233300000000051833664543801000093422                    000003110000000000000000031100484                       
25   543924021541700920210813163709000000311000001484233300000000051833664543801000093422                    000003110000000000000000031100484                       
25   543924021541700920210813103450000004456240001484233300000000000000003243601000078842                    000044762900000000000000447629484                       
25   543924021541700920210813103450000004456240001484233300000000000000003243601000078842                    000044762900000000000000447629484                       
25   5439240215488000202108121853180000020936000017027680000000000 2028990466801000062885                    000020936000000000000000209360484                       
25   5439240215488000202108121853180000020936000017027680000000000 2028990466801000062885                    000020936000000000000000209360484                       
25   543924021844400020210813180602000000675040000055361800000000000000001910601000097550                    000006750400000000000000067504484                       
25   543924021844400020210813180602000000675040000055361800000000000000001910601000097550                    000006750400000000000000067504484                       
25   543924021850900020210813182703000000087000000035989300000000000000000055101000098556                    000000870000000000000000008700484                       
25   543924021850900020210813182703000000087000000035989300000000000000000055101000098556                    000000870000000000000000008700484                       
25   5439240219485002202108131227370000070358400000498500000000000      00802402000082577                    000070358400000000000000703584484                       
25   5439240219485002202108131227370000070358400000498500000000000      00802402000082577                    000070358400000000000000703584484                       
25   543924021961800820210814010431000000178820000098529000000000012260629925101000112290                    000001788200000000000000017882484                       
25   543924021961800820210814010431000000178820000098529000000000012260629925101000112290                    000001788200000000000000017882484                       
25   543924021961800820210813184243000003635390000098529000000000012252029572701000099313                    000036353900000000000000363539484                       
25   543924021961800820210813184243000003635390000098529000000000012252029572701000099313                    000036353900000000000000363539484                       
25   543924021993100520210813144735000000240090000000527800000000051833647034401000088503                    000002400900000000000000024009484                       
25   543924021993100520210813144735000000240090000000527800000000051833647034401000088503                    000002400900000000000000024009484                       
25   543924021995000520210813093909000010000000000000000000000000000029407932701000077279                    000100000000000000000001000000484                       
25   543924021995000520210813093909000010000000000000000000000000000029407932701000077279                    000100000000000000000001000000484                       
25   543924022007100720210813145418000000355000000009033300000000000000020708801000088798                    000003550000000000000000035500484                       
25   543924022007100720210813145418000000355000000009033300000000000000020708801000088798                    000003550000000000000000035500484                       
25   543924022067000620210813212630000000068000000073372100000000000131225059301000107106                    000000680000000000000000006800484                       
25   543924022067000620210813212630000000068000000073372100000000000131225059301000107106                    000000680000000000000000006800484                       
25   543924022067700120210812232710000000246000000008012600000000065803671766901000071752                    000002460000000000000000024600484                       
25   543924022067700120210812232710000000246000000008012600000000065803671766901000071752                    000002460000000000000000024600484                       
25   543924022067700120210813095701000000215000000008012600000000000000000015101000077754                    000002150000000000000000021500484                       
25   543924022067700120210813095701000000215000000008012600000000000000000015101000077754                    000002150000000000000000021500484                       
25   543924022070500020210813165008000000710000000291481200000000000000000016801000094006                    000007100000000000000000071000484                       
25   543924022070500020210813165008000000710000000291481200000000000000000016801000094006                    000007100000000000000000071000484                       
25   543924022070500020210813170336000000051000000291481200000000000131127069101000094565                    000000510000000000000000005100484                       
25   543924022070500020210813170336000000051000000291481200000000000131127069101000094565                    000000510000000000000000005100484                       
25   5439240220705000202108131549520000006325000002914812000000000trqHB1Yd3eUW01000091309                    000006325000000000000000063250484                       
25   5439240220705000202108131549520000006325000002914812000000000trqHB1Yd3eUW01000091309                    000006325000000000000000063250484                       
25   543924022087000220210813151052000000106000000004750700000000044832045385601000089552                    000001060000000000000000010600484                       
25   543924022087000220210813151052000000106000000004750700000000044832045385601000089552                    000001060000000000000000010600484                       
25   543924022087000220210813132306000000106000000004750700000000033831506639301000084755                    000001060000000000000000010600484                       
25   543924022087000220210813132306000000106000000004750700000000033831506639301000084755                    000001060000000000000000010600484                       
25   543924022087000220210813134228000000364000000004750700000000000131061355801000085588                    000003640000000000000000036400484                       
25   543924022087000220210813134228000000364000000004750700000000000131061355801000085588                    000003640000000000000000036400484                       
25   543924022087000220210813163411000000197640000004750700000000051833664070501000093282                    000001976400000000000000019764484                       
25   543924022087000220210813163411000000197640000004750700000000051833664070501000093282                    000001976400000000000000019764484                       
25   543924022293500120210813162001000000315000000060184200000000000000000010601000092643                    000003150000000000000000031500484                       
25   543924022293500120210813162001000000315000000060184200000000000000000010601000092643                    000003150000000000000000031500484                       
25   5439240223681000202108131345270000009348000000004120000000000      97889002000085718                    000009348000000000000000093480484                       
25   5439240223681000202108131345270000009348000000004120000000000      97889002000085718                    000009348000000000000000093480484                       
25   543924022368100020210813080430000000086000000000412000000000000130982958201000075462                    000000860000000000000000008600484                       
25   543924022368100020210813080430000000086000000000412000000000000130982958201000075462                    000000860000000000000000008600484                       
25   543924022368100020210813080511000000054000000000412000000000000130983139801000075475                    000000540000000000000000005400484                       
25   543924022368100020210813080511000000054000000000412000000000000130983139801000075475                    000000540000000000000000005400484                       
25   543924022368100020210813132028000000571450000000412000000000013132000560401000084685                    000005714500000000000000057145484                       
25   543924022368100020210813132028000000571450000000412000000000013132000560401000084685                    000005714500000000000000057145484                       
25   543924022388300220210812145704000000442500000205103900000000062090495566201000054151                    000004425000000000000000044250484                       
25   543924022388300220210812145704000000442500000205103900000000062090495566201000054151                    000004425000000000000000044250484                       
25   543924022417800620210813201357000000247500000084919200000000000000003877001000103888                    000002475000000000000000024750484                       
25   543924022417800620210813201357000000247500000084919200000000000000003877001000103888                    000002475000000000000000024750484                       
25   543924022417800620210812213610000000305000000084919200000000000206723546301000069060                    000003050000000000000000030500484                       
25   543924022417800620210812213610000000305000000084919200000000000206723546301000069060                    000003050000000000000000030500484                       
25   543924022417800620210813145221000000310000000084919200000000000000000003801000088707                    000003100000000000000000031000484                       
25   543924022417800620210813145221000000310000000084919200000000000000000003801000088707                    000003100000000000000000031000484                       
25   543924022488100520210813200702000000179000000000647500000000093834166494201000103532                    000001790000000000000000017900484                       
25   543924022488100520210813200702000000179000000000647500000000093834166494201000103532                    000001790000000000000000017900484                       
25   543924022623500220210813145233000000898760000485159600000000000210463086401000088719                    000008987600000000000000089876484                       
25   543924022623500220210813145233000000898760000485159600000000000210463086401000088719                    000008987600000000000000089876484                       
25   543924022623500220210813143553000000434700000485159600000000012251902055801000087954                    000004347000000000000000043470484                       
25   543924022623500220210813143553000000434700000485159600000000012251902055801000087954                    000004347000000000000000043470484                       
25   543924022623500220210812150417000000618540000485159600000000012241548091101000054465                    000006213200000000000000062132484                       
25   543924022623500220210812150417000000618540000485159600000000012241548091101000054465                    000006213200000000000000062132484                       
25   5439240226253005202108131923200000000951800000253971UBER* TRI08140008376801000101285                    000000951800000000000000009518484                       
25   5439240226253005202108131923200000000951800000253971UBER* TRI08140008376801000101285                    000000951800000000000000009518484                       
990000009600000000000000000000000000000000000000000000000000000000000000000000000000000000000000000000000000000000000000000000000000000000000000000000000000000000000
