19LOG_LIQ202108260000000000000000000000000000000000000000000000000000000000000000000000000000000000000000000000000000000000000000000000000000000000000000000000000000
25   543924021961800820210821132023000001936330000022175600000000078387173466401000364753                    000019363300000000000000193633484                       
25   543924021961800820210821132023000001936330000022175600000000078387173466401000364753                    000019363300000000000000193633484                       
25   543924021263600720210821152011000000678420000279148200000000053697527471701000369730                    000006784200000000000000067842484                       
25   543924021263600720210821152011000000678420000279148200000000053697527471701000369730                    000006784200000000000000067842484                       
25   5439240215488000202108221828010000001692400017156535000000000 2529711845901000408159                    000001692400000000000000016924484                       
25   5439240215488000202108221828010000001692400017156535000000000 2529711845901000408159                    000001692400000000000000016924484                       
25   543924022016900920210822194902000000085000000000121400000000000002063161101000410831                    000000850000000000000000008500484                       
25   543924022016900920210822194902000000085000000000121400000000000002063161101000410831                    000000850000000000000000008500484                       
25   543924020720700420210822220555000000873000000069582300000000008230306981401000414906                    000008769300000000000000087693484                       
25   543924020720700420210822220555000000873000000069582300000000008230306981401000414906                    000008769300000000000000087693484                       
25   543924022297000820210822221339000000671630000005298500000000021450198487801000415081                    000006716300000000000000067163484                       
25   543924022297000820210822221339000000671630000005298500000000021450198487801000415081                    000006716300000000000000067163484                       
25   543924021548800020210823060727000000220550001715653500000000012353838918401000418594                    000002215400000000000000022154484                       
25   543924021548800020210823060727000000220550001715653500000000012353838918401000418594                    000002215400000000000000022154484                       
25   543924021136600220210823060746000000778770001331197200000000000000000715701000418595                    000007822700000000000000078227484                       
25   543924021136600220210823060746000000778770001331197200000000000000000715701000418595                    000007822700000000000000078227484                       
25   543924022084600220210823083734000000223000000070377300000000021235079059301000419837                    000002230000000000000000022300484                       
25   543924022084600220210823083734000000223000000070377300000000021235079059301000419837                    000002230000000000000000022300484                       
25   543924021052200120210823084942000010782740001706946300000000000000000332501000420038                    000108312600000000000001083126484                       
25   543924021052200120210823084942000010782740001706946300000000000000000332501000420038                    000108312600000000000001083126484                       
25   543924022178500120210823085524000001005520000160672800000000008230855237801000420141                    000010055200000000000000100552484                       
25   543924022178500120210823085524000001005520000160672800000000008230855237801000420141                    000010055200000000000000100552484                       
25   543924022084600220210823085641000000147000000070377300000000016334401828001000420159                    000001470000000000000000014700484                       
25   543924022084600220210823085641000000147000000070377300000000016334401828001000420159                    000001470000000000000000014700484                       
25   543924021084600420210823104435000002034220000030723000000000000000000802202000422632                    000020342200000000000000203422484                       
25   543924021084600420210823104435000002034220000030723000000000000000000802202000422632                    000020342200000000000000203422484                       
25   543924021136600220210823110113000001519840001331197200000000000000000331601000423065                    000015266800000000000000152668484                       
25   543924021136600220210823110113000001519840001331197200000000000000000331601000423065                    000015266800000000000000152668484                       
25   543924022417800620210823111755000000151000000005901300000000012351632267001000423571                    000001510000000000000000015100484                       
25   543924022417800620210823111755000000151000000005901300000000012351632267001000423571                    000001510000000000000000015100484                       
25   54392402111810052021082311531700000007100000064560900000000006iBp3TQz7Jd001000424710                    000000710000000000000000007100484                       
25   54392402111810052021082311531700000007100000064560900000000006iBp3TQz7Jd001000424710                    000000710000000000000000007100484                       
25   543924021258200320210823115704000000178000001081262700000000000133574534701000424829                    000001780000000000000000017800484                       
25   543924021258200320210823115704000000178000001081262700000000000133574534701000424829                    000001780000000000000000017800484                       
25   543924022067000620210823121813000001034800000011139400000000020351200643402000425500                    000010348000000000000000103480484                       
25   543924022067000620210823121813000001034800000011139400000000020351200643402000425500                    000010348000000000000000103480484                       
25   543924022084600220210823121841000000155600000070377300000000000000000006001000425508                    000001556000000000000000015560484                       
25   543924022084600220210823121841000000155600000070377300000000000000000006001000425508                    000001556000000000000000015560484                       
25   543924021136600220210823123450000000084460001331197200000000000000006186101000426042                    000000848400000000000000008484484                       
25   543924021136600220210823123450000000084460001331197200000000000000006186101000426042                    000000848400000000000000008484484                       
25   543924021840000220210823135059000000258000000005103800000000022521661213101000428688                    000002580000000000000000025800484                       
25   543924021840000220210823135059000000258000000005103800000000022521661213101000428688                    000002580000000000000000025800484                       
25   543924021136600220210823144042000000275570001331197200000000000000000163001000430529                    000002768100000000000000027681484                       
25   543924021136600220210823144042000000275570001331197200000000000000000163001000430529                    000002768100000000000000027681484                       
25   543924022417800620210823144527000000125350000005901300000000051835137978501000430699                    000000890000000000000000008900484                       
25   543924022417800620210823144527000000125350000005901300000000051835137978501000430699                    000000890000000000000000008900484                       
25   543924022084600220210823154414000001162000000070377300000000062975142408501000432862                    000011620000000000000000116200484                       
25   543924022084600220210823154414000001162000000070377300000000062975142408501000432862                    000011620000000000000000116200484                       
25   5439240220705000202108231605480000008668000002026776000000000Gj6I1TVEVw5p01000433655                    000008668000000000000000086680484                       
25   5439240220705000202108231605480000008668000002026776000000000Gj6I1TVEVw5p01000433655                    000008668000000000000000086680484                       
25   543924020640800920210823160625000001589110001037615800000000000008206885801000433682                    000015962600000000000000159626484                       
25   543924020640800920210823160625000001589110001037615800000000000008206885801000433682                    000015962600000000000000159626484                       
25   543924020739600520210823160715000001143390000010389100000000000000003699801000433712                    000011433900000000000000114339484                       
25   543924020739600520210823160715000001143390000010389100000000000000003699801000433712                    000011433900000000000000114339484                       
25   543924021840000220210823161845000000156000000005103800000000000000001129901000434110                    000001560000000000000000015600484                       
25   543924021840000220210823161845000000156000000005103800000000000000001129901000434110                    000001560000000000000000015600484                       
25   543924021380900920210823161855000000082500000334277500000000016190914087401000434116                    000000825000000000000000008250484                       
25   543924021380900920210823161855000000082500000334277500000000016190914087401000434116                    000000825000000000000000008250484                       
25   5439240212636007202108231650060000007880000002791482000000000zF22YKAPKLB301000435143                    000007880000000000000000078800484                       
25   5439240212636007202108231650060000007880000002791482000000000zF22YKAPKLB301000435143                    000007880000000000000000078800484                       
25   543924021258200320210823165653000000035000001081262700000000077833302351901000435353                    000000350000000000000000003500484                       
25   543924021258200320210823165653000000035000001081262700000000077833302351901000435353                    000000350000000000000000003500484                       
25   543924021263600720210823171542000001920000000279148200000000053054135218901000435947                    000019200000000000000000192000484                       
25   543924021263600720210823171542000001920000000279148200000000053054135218901000435947                    000019200000000000000000192000484                       
25   543924021840000220210823180658000000205500000005103800000000043038507260201000437763                    000002055000000000000000020550484                       
25   543924021840000220210823180658000000205500000005103800000000043038507260201000437763                    000002055000000000000000020550484                       
25   543924022070500020210823184404000000023000000202677600000000018441810115401000439055                    000000230000000000000000002300484                       
25   543924022070500020210823184404000000023000000202677600000000018441810115401000439055                    000000230000000000000000002300484                       
25   543924021840000220210823195322000000146000000005103800000000042872690364301000441551                    000001460000000000000000014600484                       
25   543924021840000220210823195322000000146000000005103800000000042872690364301000441551                    000001460000000000000000014600484                       
25   543924022297000820210823201218000000042440000005298500000000067835633002901000442343                    000000424400000000000000004244484                       
25   543924022297000820210823201218000000042440000005298500000000067835633002901000442343                    000000424400000000000000004244484                       
25   543924022417800620210823204330000000138810000005901300000000000000003123101000443482                    000001388100000000000000013881484                       
25   543924022417800620210823204330000000138810000005901300000000000000003123101000443482                    000001388100000000000000013881484                       
25   543924022417800620210823204947000000161500000005901300000000000133729638301000443691                    000001615000000000000000016150484                       
25   543924022417800620210823204947000000161500000005901300000000000133729638301000443691                    000001615000000000000000016150484                       
25   543924022625300520210823210928000001413350000603645900000000000000000023501000444337                    000014133500000000000000141335484                       
25   543924022625300520210823210928000001413350000603645900000000000000000023501000444337                    000014133500000000000000141335484                       
25   543924021840000220210823213855000000449000000005103800000000008232118051901000445224                    000004490000000000000000044900484                       
25   543924021840000220210823213855000000449000000005103800000000008232118051901000445224                    000004490000000000000000044900484                       
25   543924022084600220210823214340000000847000000070377300000000062977298962301000445350                    000008470000000000000000084700484                       
25   543924022084600220210823214340000000847000000070377300000000062977298962301000445350                    000008470000000000000000084700484                       
25   543924022070500020210823215655000000699000000202677600000000062977378488001000445699                    000006990000000000000000069900484                       
25   543924022070500020210823215655000000699000000202677600000000062977378488001000445699                    000006990000000000000000069900484                       
25   5439240224881005202108232309410000021311700000014678000000000      00552702000447260                    000021311700000000000000213117484                       
25   5439240224881005202108232309410000021311700000014678000000000      00552702000447260                    000021311700000000000000213117484                       
25   543924022297000820210824012031000000028940000005298500000000093835674743201000448693                    000000289400000000000000002894484                       
25   543924022297000820210824012031000000028940000005298500000000093835674743201000448693                    000000289400000000000000002894484                       
25   543924021136600220210824032418000000503220001331197200000000000000000246501000449246                    000005054800000000000000050548484                       
25   543924021136600220210824032418000000503220001331197200000000000000000246501000449246                    000005054800000000000000050548484                       
25   543924021136600220210824040842000000244420001331197200000000000000001519201000449416                    000002455200000000000000024552484                       
25   543924021136600220210824040842000000244420001331197200000000000000001519201000449416                    000002455200000000000000024552484                       
25   543924021136600220210824050611000001964950001331197200000000000000000095601000449582                    000019737900000000000000197379484                       
25   543924021136600220210824050611000001964950001331197200000000000000000095601000449582                    000019737900000000000000197379484                       
25   543924021136600220210824052449000001196940001331197200000000000000000111101000449624                    000012023300000000000000120233484                       
25   543924021136600220210824052449000001196940001331197200000000000000000111101000449624                    000012023300000000000000120233484                       
25   543924022067000620210824071930000000106000000011139400000000021236086519201000450135                    000001060000000000000000010600484                       
25   543924022067000620210824071930000000106000000011139400000000021236086519201000450135                    000001060000000000000000010600484                       
25   543924022084600220210824074747000000150000000070377300000000021236082930201000450397                    000001500000000000000000015000484                       
25   543924022084600220210824074747000000150000000070377300000000021236082930201000450397                    000001500000000000000000015000484                       
25   543924021136600220210824080046000002552040001331197200000000000000001026501000450534                    000025635200000000000000256352484                       
25   543924021136600220210824080046000002552040001331197200000000000000001026501000450534                    000025635200000000000000256352484                       
25   543924022084600220210824100303000000491700000070377300000000021236083177401000452814                    000004917000000000000000049170484                       
25   543924022084600220210824100303000000491700000070377300000000021236083177401000452814                    000004917000000000000000049170484                       
25   543924021258200320210824101418000000064000001081262700000000021236088028101000453099                    000000640000000000000000006400484                       
25   543924021258200320210824101418000000064000001081262700000000021236088028101000453099                    000000640000000000000000006400484                       
25   5439240206408009202108241027570000001799600010376158UBER* PEN08240008613801000453466                    000001799600000000000000017996484                       
25   5439240206408009202108241027570000001799600010376158UBER* PEN08240008613801000453466                    000001799600000000000000017996484                       
25   543924022084600220210824103950000000193000000070377300000000021236083259001000453811                    000001930000000000000000019300484                       
25   543924022084600220210824103950000000193000000070377300000000021236083259001000453811                    000001930000000000000000019300484                       
25   543924020640800920210824104220000003034500001037615800000000087833781776501000453883                    000030345000000000000000303450484                       
25   543924020640800920210824104220000003034500001037615800000000087833781776501000453883                    000030345000000000000000303450484                       
25   543924021548800020210824104653000000154440001715653500000000012363535662601000454032                    000001551300000000000000015513484                       
25   543924021548800020210824104653000000154440001715653500000000012363535662601000454032                    000001551300000000000000015513484                       
25   543924022297000820210824104826000000063290000005298500000000067835698341801000454071                    000000632900000000000000006329484                       
25   543924022297000820210824104826000000063290000005298500000000067835698341801000454071                    000000632900000000000000006329484                       
25   5439240212636007202108241104100000007372600002791482000000000ywYAUpnuFWnD01000454539                    000007372600000000000000073726484                       
25   5439240212636007202108241104100000007372600002791482000000000ywYAUpnuFWnD01000454539                    000007372600000000000000073726484                       
25   543924022070500020210824111806000000398200000202677600000000021236083342401000454933                    000003982000000000000000039820484                       
25   543924022070500020210824111806000000398200000202677600000000021236083342401000454933                    000003982000000000000000039820484                       
25   543924022089000020210824112705000000080000000116099100000000008241104224701000455223                    000000800000000000000000008000484                       
25   543924022089000020210824112705000000080000000116099100000000008241104224701000455223                    000000800000000000000000008000484                       
25   543924021541700920210824114553000000399000001836180800000000012361612366001000455803                    000003990000000000000000039900484                       
25   543924021541700920210824114553000000399000001836180800000000012361612366001000455803                    000003990000000000000000039900484                       
25   543924021995000520210824122154000000047720000008544100000000051835259996701000456881                    000000477200000000000000004772484                       
25   543924021995000520210824122154000000047720000008544100000000051835259996701000456881                    000000477200000000000000004772484                       
25   543924021428900320210824122236000010201000000329998000000000012360578199801000456912                    000102469000000000000001024690484                       
25   543924021428900320210824122236000010201000000329998000000000012360578199801000456912                    000102469000000000000001024690484                       
25   5439240219931005202108241226310000015301600000413271000000000      74019402000457047                    000015301600000000000000153016484                       
25   5439240219931005202108241226310000015301600000413271000000000      74019402000457047                    000015301600000000000000153016484                       
25   543924021428900320210824122757000010201000000329998000000000012360578232201000457098                    000102469000000000000001024690484                       
25   543924021428900320210824122757000010201000000329998000000000012360578232201000457098                    000102469000000000000001024690484                       
25   543924020597500820210824123123000000085770000278023300000000077833323324101000457209                    000000857700000000000000008577484                       
25   543924020597500820210824123123000000085770000278023300000000077833323324101000457209                    000000857700000000000000008577484                       
25   543924022067000620210824123549000000217580000011139400000000000000001183301000457349                    000002175800000000000000021758484                       
25   543924022067000620210824123549000000217580000011139400000000000000001183301000457349                    000002175800000000000000021758484                       
25   543924022297000820210824124703000000056590000005298500000000093835718192701000457726                    000000565900000000000000005659484                       
25   543924022297000820210824124703000000056590000005298500000000093835718192701000457726                    000000565900000000000000005659484                       
25   54392402126360072021082412482200000020640000027914820000000009B7Tt4g8aqOS01000457774                    000002064000000000000000020640484                       
25   54392402126360072021082412482200000020640000027914820000000009B7Tt4g8aqOS01000457774                    000002064000000000000000020640484                       
25   543924021428900320210824125126000010201000000329998000000000012360578356301000457890                    000102469000000000000001024690484                       
25   543924021428900320210824125126000010201000000329998000000000012360578356301000457890                    000102469000000000000001024690484                       
25   543924021428900320210824130612000010201000000329998000000000012360678439801000458435                    000102469000000000000001024690484                       
25   543924021428900320210824130612000010201000000329998000000000012360678439801000458435                    000102469000000000000001024690484                       
25   543924021428900320210824130823000010201000000329998000000000012360678452701000458517                    000102469000000000000001024690484                       
25   543924021428900320210824130823000010201000000329998000000000012360678452701000458517                    000102469000000000000001024690484                       
25   543924021995000520210824130934000000734220000008544100000000000000000917002000458566                    000007342200000000000000073422484                       
25   543924021995000520210824130934000000734220000008544100000000000000000917002000458566                    000007342200000000000000073422484                       
25   543924020720700420210824131107000000612060000069582300000000012360019500001000458625                    000006148100000000000000061481484                       
25   543924020720700420210824131107000000612060000069582300000000012360019500001000458625                    000006148100000000000000061481484                       
25   543924021840000220210824132106000000049000000005103800000000008241321054201000459016                    000000490000000000000000004900484                       
25   543924021840000220210824132106000000049000000005103800000000008241321054201000459016                    000000490000000000000000004900484                       
25   543924021856900420210824132658000000054000000004274300000000000133829504201000459228                    000000540000000000000000005400484                       
25   543924021856900420210824132658000000054000000004274300000000000133829504201000459228                    000000540000000000000000005400484                       
25   543924021052200120210824140111000000478060001706946300000000000000002627401000460426                    000004802100000000000000048021484                       
25   543924021052200120210824140111000000478060001706946300000000000000002627401000460426                    000004802100000000000000048021484                       
25   543924021136600220210824143511000000623810001331197200000000000000000165101000461737                    000006266200000000000000062662484                       
25   543924021136600220210824143511000000623810001331197200000000000000000165101000461737                    000006266200000000000000062662484                       
25   543924022070500020210824150012000000034000000202677600000000000000000510801000462753                    000000340000000000000000003400484                       
25   543924022070500020210824150012000000034000000202677600000000000000000510801000462753                    000000340000000000000000003400484                       
25   543924020739600520210824153115000000208430000010389100000000000000002030201000463902                    000002084300000000000000020843484                       
25   543924020739600520210824153115000000208430000010389100000000000000002030201000463902                    000002084300000000000000020843484                       
25   543924021548800020210824164652000000286490001715653500000000012363030556701000466561                    000002877800000000000000028778484                       
25   543924021548800020210824164652000000286490001715653500000000012363030556701000466561                    000002877800000000000000028778484                       
25   543924021961800820210824171055000000192000000022175600000000000207769403801000467373                    000001920000000000000000019200484                       
25   543924021961800820210824171055000000192000000022175600000000000207769403801000467373                    000001920000000000000000019200484                       
25   543924021541700920210824171146000000344000001836180800000000012362240407501000467408                    000003440000000000000000034400484                       
25   543924021541700920210824171146000000344000001836180800000000012362240407501000467408                    000003440000000000000000034400484                       
25   543924021541700920210824171313000000267000001836180800000000012362211370701000467459                    000002670000000000000000026700484                       
25   543924021541700920210824171313000000267000001836180800000000012362211370701000467459                    000002670000000000000000026700484                       
25   543924022067000620210824175857000000078000000011139400000000021236092334401000469174                    000000780000000000000000007800484                       
25   543924022067000620210824175857000000078000000011139400000000021236092334401000469174                    000000780000000000000000007800484                       
25   543924022084600220210824203707000000860850000070377300000000000000003762601000475060                    000008608500000000000000086085484                       
25   543924022084600220210824203707000000860850000070377300000000000000003762601000475060                    000008608500000000000000086085484                       
25   543924021840000220210824204827000000470800000005103800000000087833804595501000475451                    000004708000000000000000047080484                       
25   543924021840000220210824204827000000470800000005103800000000087833804595501000475451                    000004708000000000000000047080484                       
25   543924021840000220210824210811000000210000000005103800000000032872789296301000476146                    000002100000000000000000021000484                       
25   543924021840000220210824210811000000210000000005103800000000032872789296301000476146                    000002100000000000000000021000484                       
25   543924021995000520210824212943000000166750000008544100000000067835784882001000476793                    000001667500000000000000016675484                       
25   543924021995000520210824212943000000166750000008544100000000067835784882001000476793                    000001667500000000000000016675484                       
25   543924021541700920210824213624000000495070001836180800000000012370267876801000476974                    000004950700000000000000049507484                       
25   543924021541700920210824213624000000495070001836180800000000012370267876801000476974                    000004950700000000000000049507484                       
25   5439240223212004202108242142430000000399400000135878UBER* PEN08250028798901000477160                    000000399400000000000000003994484                       
25   5439240223212004202108242142430000000399400000135878UBER* PEN08250028798901000477160                    000000399400000000000000003994484                       
25   543924020739600520210824214758000005742000000010389100000000000000000000301000477299                    000057420000000000000000574200484                       
25   543924020739600520210824214758000005742000000010389100000000000000000000301000477299                    000057420000000000000000574200484                       
25   543924021548800020210824224459000000272620001715653500000000012373939379201000478684                    000002738500000000000000027385484                       
25   543924021548800020210824224459000000272620001715653500000000012373939379201000478684                    000002738500000000000000027385484                       
990000018800000000000000000000000000000000000000000000000000000000000000000000000000000000000000000000000000000000000000000000000000000000000000000000000000000000000
