19LOG_LIQ202108290000000000000000000000000000000000000000000000000000000000000000000000000000000000000000000000000000000000000000000000000000000000000000000000000000
25   543924021428900320210826033058000001200000000003090000000000051835512556401000515598                    000012000000000000000000120000484                       
25   543924021428900320210826033058000001200000000003090000000000051835512556401000515598                    000012000000000000000000120000484                       
25   5439240214289003202108260545000000002763700000030900000000000 2029917380401000516039                    000002763700000000000000027637484                       
25   5439240214289003202108260545000000002763700000030900000000000 2029917380401000516039                    000002763700000000000000027637484                       
25   543924021263600720210826124247000001720700000241335200000000050213708261201000523922                    000017207000000000000000172070484                       
25   543924021263600720210826124247000001720700000241335200000000050213708261201000523922                    000017207000000000000000172070484                       
25   543924021380900920210826174314000000350000000326177500000000012382202212401000535375                    000003500000000000000000035000484                       
25   543924021380900920210826174314000000350000000326177500000000012382202212401000535375                    000003500000000000000000035000484                       
25   543924021084600420210826202431000000346210000059662800000000093836069857801000541721                    000003462100000000000000034621484                       
25   543924021084600420210826202431000000346210000059662800000000093836069857801000541721                    000003462100000000000000034621484                       
25   543924022087000220210826230908000000151500000271848300000000000134432326801000546648                    000001515000000000000000015150484                       
25   543924022087000220210826230908000000151500000271848300000000000134432326801000546648                    000001515000000000000000015150484                       
25   543924021084600420210827001841000000259000000059662800000000051835646123501000547804                    000002590000000000000000025900484                       
25   543924021084600420210827001841000000259000000059662800000000051835646123501000547804                    000002590000000000000000025900484                       
25   543924022067000620210827071346000000116000000096012400000000021239012148501000550164                    000001160000000000000000011600484                       
25   543924022067000620210827071346000000116000000096012400000000021239012148501000550164                    000001160000000000000000011600484                       
25   543924022070500020210827082340000000412500000165822600000000021239089855401000550925                    000004125000000000000000041250484                       
25   543924022070500020210827082340000000412500000165822600000000021239089855401000550925                    000004125000000000000000041250484                       
25   543924022067000620210827084303000000050900000096012400000000000000005135401000551229                    000000509000000000000000005090484                       
25   543924022067000620210827084303000000050900000096012400000000000000005135401000551229                    000000509000000000000000005090484                       
25   543924020597500820210827091852000000095000000337799300000000003510730385101000551954                    000000950000000000000000009500484                       
25   543924020597500820210827091852000000095000000337799300000000003510730385101000551954                    000000950000000000000000009500484                       
25   5439240205975008202108270951410000002290000003377993000000000        736402000552770                    000002290000000000000000022900484                       
25   5439240205975008202108270951410000002290000003377993000000000        736402000552770                    000002290000000000000000022900484                       
25   5439240223212004202108271129530000000999400000097334UBER* PEN08270018279901000555652                    000000999400000000000000009994484                       
25   5439240223212004202108271129530000000999400000097334UBER* PEN08270018279901000555652                    000000999400000000000000009994484                       
25   543924021548800020210827120458000000219370001707492800000000012393737696301000556862                    000002203600000000000000022036484                       
25   543924021548800020210827120458000000219370001707492800000000012393737696301000556862                    000002203600000000000000022036484                       
25   543924022084600220210827121153000000119000000025428800000000021239015424101000557085                    000001190000000000000000011900484                       
25   543924022084600220210827121153000000119000000025428800000000021239015424101000557085                    000001190000000000000000011900484                       
25   543924021136600220210827131231000000989820001223821500000000000000000173101000559288                    000009942700000000000000099427484                       
25   543924021136600220210827131231000000989820001223821500000000000000000173101000559288                    000009942700000000000000099427484                       
25   543924021840000220210827131909000000200000000001008800000000000000000095101000559536                    000002000000000000000000020000484                       
25   543924021840000220210827131909000000200000000001008800000000000000000095101000559536                    000002000000000000000000020000484                       
25   543924022084600220210827135930000000266750000025428800000000000948100948101000561134                    000002667500000000000000026675484                       
25   543924022084600220210827135930000000266750000025428800000000000948100948101000561134                    000002667500000000000000026675484                       
25   543924022070500020210827141042000000705000000165822600000000058338863714901000561623                    000007050000000000000000070500484                       
25   543924022070500020210827141042000000705000000165822600000000058338863714901000561623                    000007050000000000000000070500484                       
25   543924020720700420210827141738000001773900000043180300000000012390092639001000561960                    000017818800000000000000178188484                       
25   543924020720700420210827141738000001773900000043180300000000012390092639001000561960                    000017818800000000000000178188484                       
25   543924022321200420210827144951000000075500000009733400000000000134546003201000563320                    000000755000000000000000007550484                       
25   543924022321200420210827144951000000075500000009733400000000000134546003201000563320                    000000755000000000000000007550484                       
25   543924021854800820210827152344000000100000000102378100000000000000000018601000564755                    000001000000000000000000010000484                       
25   543924021854800820210827152344000000100000000102378100000000000000000018601000564755                    000001000000000000000000010000484                       
25   5439240220846002202108271533480000008008000000254288000000000cS2O11c2O4Vf01000565209                    000008008000000000000000080080484                       
25   5439240220846002202108271533480000008008000000254288000000000cS2O11c2O4Vf01000565209                    000008008000000000000000080080484                       
25   543924021961800820210827173145000000256900000012617200000000000134598161201000570294                    000002569000000000000000025690484                       
25   543924021961800820210827173145000000256900000012617200000000000134598161201000570294                    000002569000000000000000025690484                       
25   543924022084600220210827174138000000650000000025428800000000051835748479801000570724                    000006500000000000000000065000484                       
25   543924022084600220210827174138000000650000000025428800000000051835748479801000570724                    000006500000000000000000065000484                       
25   543924021548800020210827175602000000131880001707492800000000012393737780201000571384                    000001324700000000000000013247484                       
25   543924021548800020210827175602000000131880001707492800000000012393737780201000571384                    000001324700000000000000013247484                       
25   543924021548800020210827182647000000218790001707492800000000012394848951801000572720                    000002197700000000000000021977484                       
25   543924021548800020210827182647000000218790001707492800000000012394848951801000572720                    000002197700000000000000021977484                       
25   543924021118100520210827185907000000280000000574999000000000087833904171701000574205                    000002800000000000000000028000484                       
25   543924021118100520210827185907000000280000000574999000000000087833904171701000574205                    000002800000000000000000028000484                       
25   543924022067000620210827192655000000031500000096012400000000000000000826301000575502                    000000315000000000000000003150484                       
25   543924022067000620210827192655000000031500000096012400000000000000000826301000575502                    000000315000000000000000003150484                       
25   543924021380900920210827193806000000400000000326177500000000076618598373201000575989                    000004000000000000000000040000484                       
25   543924021380900920210827193806000000400000000326177500000000076618598373201000575989                    000004000000000000000000040000484                       
25   543924022070500020210827195638000000145000000165822600000000021239020691301000576869                    000001450000000000000000014500484                       
25   543924022070500020210827195638000000145000000165822600000000021239020691301000576869                    000001450000000000000000014500484                       
25   543924022067700120210827200417000001234800000019942700000000020392000959102000577224                    000012348000000000000000123480484                       
25   543924022067700120210827200417000001234800000019942700000000020392000959102000577224                    000012348000000000000000123480484                       
25   543924020739600520210827204349000004809300000160096100000000000000000016801000578984                    000048093000000000000000480930484                       
25   543924020739600520210827204349000004809300000160096100000000000000000016801000578984                    000048093000000000000000480930484                       
25   543924021147100020210827212455000004034220000151163800000000000000000957402000580653                    000040342200000000000000403422484                       
25   543924021147100020210827212455000004034220000151163800000000000000000957402000580653                    000040342200000000000000403422484                       
25   543924021844400020210827213351000002000000000055001800000000000000000037701000580987                    000020000000000000000000200000484                       
25   543924021844400020210827213351000002000000000055001800000000000000000037701000580987                    000020000000000000000000200000484                       
25   543924021840000220210827215727000000245000000001008800000000042872696468001000581756                    000002450000000000000000024500484                       
25   543924021840000220210827215727000000245000000001008800000000042872696468001000581756                    000002450000000000000000024500484                       
25   543924021840000220210827220835000000089000000001008800000000022521680008201000582090                    000000890000000000000000008900484                       
25   543924021840000220210827220835000000089000000001008800000000022521680008201000582090                    000000890000000000000000008900484                       
25   543924021258200320210827225224000000399000001070522700000000008272212490701000583370                    000003990000000000000000039900484                       
25   543924021258200320210827225224000000399000001070522700000000008272212490701000583370                    000003990000000000000000039900484                       
25   543924022087000220210827234852000001078560000271848300000000000208074080001000584589                    000010785600000000000000107856484                       
25   543924022087000220210827234852000001078560000271848300000000000208074080001000584589                    000010785600000000000000107856484                       
25   543924021548800020210828002648000000220010001707492800000000012403838337701000585474                    000002210000000000000000022100484                       
25   543924021548800020210828002648000000220010001707492800000000012403838337701000585474                    000002210000000000000000022100484                       
990000008000000000000000000000000000000000000000000000000000000000000000000000000000000000000000000000000000000000000000000000000000000000000000000000000000000000000
