19LOG_LIQ202108180000000000000000000000000000000000000000000000000000000000000000000000000000000000000000000000000000000000000000000000000000000000000000000000000000
25   5439240215488000202108160929420000001690000016991426000000000 1529756137801000187176                    000001690000000000000000016900484                       
25   5439240215488000202108160929420000001690000016991426000000000 1529756137801000187176                    000001690000000000000000016900484                       
25   543924020640800920210816144818000005552150001085913400000000012281903521001000197892                    000055771300000000000000557713484                       
25   543924020640800920210816144818000005552150001085913400000000012281903521001000197892                    000055771300000000000000557713484                       
25   543924022623500220210816162951000002730390000391464500000000000006691495101000202012                    000032214700000000000000322147484                       
25   543924022623500220210816162951000002730390000391464500000000000006691495101000202012                    000032214700000000000000322147484                       
25   5439240220705000202108161930390000004484900002449541000000000BrPDupSa1hhZ01000209001                    000004484900000000000000044849484                       
25   5439240220705000202108161930390000004484900002449541000000000BrPDupSa1hhZ01000209001                    000004484900000000000000044849484                       
25   543924022070500020210816193622000000050000000244954100000000012290002249001000209246                    000000500000000000000000005000484                       
25   543924022070500020210816193622000000050000000244954100000000012290002249001000209246                    000000500000000000000000005000484                       
25   543924022297000820210816221850000000053000000047317100000000000132045338301000215069                    000000530000000000000000005300484                       
25   543924022297000820210816221850000000053000000047317100000000000132045338301000215069                    000000530000000000000000005300484                       
25   543924021136600220210817055800000000304720000992347100000000000000000002501000218818                    000003060900000000000000030609484                       
25   543924021136600220210817055800000000304720000992347100000000000000000002501000218818                    000003060900000000000000030609484                       
25   543924022067700120210817095250000000137700000004628700000000051834222993501000221910                    000001377000000000000000013770484                       
25   543924022067700120210817095250000000137700000004628700000000051834222993501000221910                    000001377000000000000000013770484                       
25   543924021541700920210817100304000000526000001452568800000000051834224097601000222151                    000005260000000000000000052600484                       
25   543924021541700920210817100304000000526000001452568800000000051834224097601000222151                    000005260000000000000000052600484                       
25   543924021263600720210817101514000000604530000491807100000000067834676735101000222470                    000006045300000000000000060453484                       
25   543924021263600720210817101514000000604530000491807100000000067834676735101000222470                    000006045300000000000000060453484                       
25   543924021263600720210817104143000000108330000491807100000000000000000142101000223256                    000001083300000000000000010833484                       
25   543924021263600720210817104143000000108330000491807100000000000000000142101000223256                    000001083300000000000000010833484                       
25   543924022067700120210817104435000000132620000004628700000000051834228924001000223343                    000001326200000000000000013262484                       
25   543924022067700120210817104435000000132620000004628700000000051834228924001000223343                    000001326200000000000000013262484                       
25   543924021263600720210817122633000000197870000491807100000000000000100123801000226582                    000001978700000000000000019787484                       
25   543924021263600720210817122633000000197870000491807100000000000000100123801000226582                    000001978700000000000000019787484                       
25   543924021973200720210817125457000000260000001063072900000000000000000049101000227606                    000002860000000000000000028600484                       
25   543924021973200720210817125457000000260000001063072900000000000000000049101000227606                    000002860000000000000000028600484                       
25   5439240223212004202108171334060000003729000000239002UBER* EAT08170090290001000229120                    000003729000000000000000037290484                       
25   5439240223212004202108171334060000003729000000239002UBER* EAT08170090290001000229120                    000003729000000000000000037290484                       
25   543924021840000220210817135801000000148000000068545000000000000035500575901000230014                    000001480000000000000000014800484                       
25   543924021840000220210817135801000000148000000068545000000000000035500575901000230014                    000001480000000000000000014800484                       
25   543924022297000820210817140111000000105000000047317100000000000035500874601000230134                    000001050000000000000000010500484                       
25   543924022297000820210817140111000000105000000047317100000000000035500874601000230134                    000001050000000000000000010500484                       
25   543924022623500220210817140322000003581610000391464500000000000000000270401000230214                    000035977300000000000000359773484                       
25   543924022623500220210817140322000003581610000391464500000000000000000270401000230214                    000035977300000000000000359773484                       
25   543924021840000220210817141100000000060000000068545000000000000000000015501000230506                    000000600000000000000000006000484                       
25   543924021840000220210817141100000000060000000068545000000000000000000015501000230506                    000000600000000000000000006000484                       
25   543924022297000820210817141306000000050000000047317100000000000000000015601000230610                    000000500000000000000000005000484                       
25   543924022297000820210817141306000000050000000047317100000000000000000015601000230610                    000000500000000000000000005000484                       
25   543924022070500020210817141810000000226130000244954100000000000000000086401000230815                    000002261300000000000000022613484                       
25   543924022070500020210817141810000000226130000244954100000000000000000086401000230815                    000002261300000000000000022613484                       
25   543924022623500220210817141909000004046070000391464500000000000008001539101000230868                    000040642800000000000000406428484                       
25   543924022623500220210817141909000004046070000391464500000000000008001539101000230868                    000040642800000000000000406428484                       
25   543924021206200620210817144232000002839370000520880900000000000009585919101000231804                    000028521500000000000000285215484                       
25   543924021206200620210817144232000002839370000520880900000000000009585919101000231804                    000028521500000000000000285215484                       
25   543924022070500020210817150146000000167000000244954100000000022921250121001000232571                    000001670000000000000000016700484                       
25   543924022070500020210817150146000000167000000244954100000000022921250121001000232571                    000001670000000000000000016700484                       
25   543924021136600220210817152912000001502380000992347100000000000000000169301000233643                    000015091400000000000000150914484                       
25   543924021136600220210817152912000001502380000992347100000000000000000169301000233643                    000015091400000000000000150914484                       
25   543924022293500120210817154020000000205000000060184200000000017154000736901000234059                    000002050000000000000000020500484                       
25   543924022293500120210817154020000000205000000060184200000000017154000736901000234059                    000002050000000000000000020500484                       
25   543924022178500120210817154035000001204660000182774600000000008170340345701000234067                    000012046600000000000000120466484                       
25   543924022178500120210817154035000001204660000182774600000000008170340345701000234067                    000012046600000000000000120466484                       
25   5439240223212004202108171546260000000071000000239002UBER* EAT08170016815501000234281                    000000071000000000000000000710484                       
25   5439240223212004202108171546260000000071000000239002UBER* EAT08170016815501000234281                    000000071000000000000000000710484                       
25   543924020739600520210817154937000000108000000274855300000000021229031924901000234405                    000001080000000000000000010800484                       
25   543924020739600520210817154937000000108000000274855300000000021229031924901000234405                    000001080000000000000000010800484                       
25   543924021263600720210817163242000001455000000491807100000000011007231199901000236135                    000014550000000000000000145500484                       
25   543924021263600720210817163242000001455000000491807100000000011007231199901000236135                    000014550000000000000000145500484                       
25   5439240211471000202108171841480000070348000004357733000000000        454102000240822                    000070348000000000000000703480484                       
25   5439240211471000202108171841480000070348000004357733000000000        454102000240822                    000070348000000000000000703480484                       
25   543924021380900920210817184332000000450000000362624400000000013997007701801000240899                    000004500000000000000000045000484                       
25   543924021380900920210817184332000000450000000362624400000000013997007701801000240899                    000004500000000000000000045000484                       
25   5439240226253005202108171852500000001199000004542694UBER* PEN08170046756501000241265                    000001199000000000000000011990484                       
25   5439240226253005202108171852500000001199000004542694UBER* PEN08170046756501000241265                    000001199000000000000000011990484                       
25   543924021206200620210817192607000003936690000520880900000000083880280157901000242574                    000039544100000000000000395441484                       
25   543924021206200620210817192607000003936690000520880900000000083880280157901000242574                    000039544100000000000000395441484                       
25   543924021548800020210817193643000000204230001699142600000000012304747166701000243000                    000002051500000000000000020515484                       
25   543924021548800020210817193643000000204230001699142600000000012304747166701000243000                    000002051500000000000000020515484                       
25   543924021548800020210817194141000000258120001699142600000000012304242399201000243194                    000002592800000000000000025928484                       
25   543924021548800020210817194141000000258120001699142600000000012304242399201000243194                    000002592800000000000000025928484                       
25   543924021548800020210817194358000000230080001699142600000000012304242471901000243267                    000002311200000000000000023112484                       
25   543924021548800020210817194358000000230080001699142600000000012304242471901000243267                    000002311200000000000000023112484                       
25   543924021541700920210817194933000000399000001452568800000000012300060947401000243486                    000003990000000000000000039900484                       
25   543924021541700920210817194933000000399000001452568800000000012300060947401000243486                    000003990000000000000000039900484                       
25   543924021263600720210817195939000002650000000491807100000000087833571130101000243906                    000026500000000000000000265000484                       
25   543924021263600720210817195939000002650000000491807100000000087833571130101000243906                    000026500000000000000000265000484                       
25   543924021548800020210817202028000000193490001699142600000000012304545097301000244744                    000001943600000000000000019436484                       
25   543924021548800020210817202028000000193490001699142600000000012304545097301000244744                    000001943600000000000000019436484                       
25   543924021548800020210817202042000000172020001699142600000000012304343253801000244751                    000001727900000000000000017279484                       
25   543924021548800020210817202042000000172020001699142600000000012304343253801000244751                    000001727900000000000000017279484                       
25   543924021548800020210817202211000000172020001699142600000000012304848622801000244807                    000001727900000000000000017279484                       
25   543924021548800020210817202211000000172020001699142600000000012304848622801000244807                    000001727900000000000000017279484                       
25   543924021380900920210817204816000001115000000362624400000000000000000014101000245785                    000011150000000000000000111500484                       
25   543924021380900920210817204816000001115000000362624400000000000000000014101000245785                    000011150000000000000000111500484                       
25   543924021380900920210817204934000000031000000362624400000000000000000014201000245842                    000000310000000000000000003100484                       
25   543924021380900920210817204934000000031000000362624400000000000000000014201000245842                    000000310000000000000000003100484                       
25   5439240226253005202108172114430000000938500004542694UBER* TRI08180099363301000246770                    000000938500000000000000009385484                       
25   5439240226253005202108172114430000000938500004542694UBER* TRI08180099363301000246770                    000000938500000000000000009385484                       
25   543924021840000220210817211728000000115900000068545000000000000132277914001000246874                    000001159000000000000000011590484                       
25   543924021840000220210817211728000000115900000068545000000000000132277914001000246874                    000001159000000000000000011590484                       
25   543924020720700420210817220248000000152800000096488400000000006072792974101000248170                    000001528000000000000000015280484                       
25   543924020720700420210817220248000000152800000096488400000000006072792974101000248170                    000001528000000000000000015280484                       
25   543924022297000820210817224851000000144560000047317100000000041836963115801000249257                    000001445600000000000000014456484                       
25   543924022297000820210817224851000000144560000047317100000000041836963115801000249257                    000001445600000000000000014456484                       
25   543924021548800020210818022211000000128860001699142600000000012303636698901000251436                    000001294400000000000000012944484                       
25   543924021548800020210818022211000000128860001699142600000000012303636698901000251436                    000001294400000000000000012944484                       
990000009800000000000000000000000000000000000000000000000000000000000000000000000000000000000000000000000000000000000000000000000000000000000000000000000000000000000
