19LOG_LIQ202108060000000000000000000000000000000000000000000000000000000000000000000000000000000000000000000000000000000000000000000000000000000000000000000000000000
25   543924021263600720210804162432000004549000000133039100000000059099548746901000797625                    000045490000000000000000454900484                       
25   543924021263600720210804162432000004549000000133039100000000059099548746901000797625                    000045490000000000000000454900484                       
25   543924022007100720210804233524000000152000000013673300000000000129031109801000811738                    000001520000000000000000015200484                       
25   543924022007100720210804233524000000152000000013673300000000000129031109801000811738                    000001520000000000000000015200484                       
25   543924021136600220210805061901000000830950001431831400000000000000001577801000814035                    000008346900000000000000083469484                       
25   543924021136600220210805061901000000830950001431831400000000000000001577801000814035                    000008346900000000000000083469484                       
25   543924022089000020210805083829000000500000000076423500000000000206061684201000815382                    000005000000000000000000050000484                       
25   543924022089000020210805083829000000500000000076423500000000000206061684201000815382                    000005000000000000000000050000484                       
25   543924022084600220210805085424000000261000000086731800000000021217025934601000815651                    000002610000000000000000026100484                       
25   543924022084600220210805085424000000261000000086731800000000021217025934601000815651                    000002610000000000000000026100484                       
25   543924021136600220210805093603000003288270001431831400000000000000000207101000816503                    000033030700000000000000330307484                       
25   543924021136600220210805093603000003288270001431831400000000000000000207101000816503                    000033030700000000000000330307484                       
25   5439240219931005202108051058340000007002000000188067UBER* EAT08050033541801000818747                    000007002000000000000000070020484                       
25   5439240219931005202108051058340000007002000000188067UBER* EAT08050033541801000818747                    000007002000000000000000070020484                       
25   543924022084600220210805110954000000001800000086731800000000021217070471301000819103                    000000018000000000000000000180484                       
25   543924022084600220210805110954000000001800000086731800000000021217070471301000819103                    000000018000000000000000000180484                       
25   543924021258200320210805111938000000072000001100670200000000021217027436001000819388                    000000720000000000000000007200484                       
25   543924021258200320210805111938000000072000001100670200000000021217027436001000819388                    000000720000000000000000007200484                       
25   543924021084600420210805115512000000399000000042082000000000021217049573701000820469                    000003990000000000000000039900484                       
25   543924021084600420210805115512000000399000000042082000000000021217049573701000820469                    000003990000000000000000039900484                       
25   543924021263600720210805131311000000332000000133039100000000012171804535201000823307                    000003320000000000000000033200484                       
25   543924021263600720210805131311000000332000000133039100000000012171804535201000823307                    000003320000000000000000033200484                       
25   5439240212636007202108051424460000003461500001330391000000000LNU0DjYV8rNe01000826203                    000003461500000000000000034615484                       
25   5439240212636007202108051424460000003461500001330391000000000LNU0DjYV8rNe01000826203                    000003461500000000000000034615484                       
25   543924020720700420210805144445000000180000000153606900000000000115607022801000827078                    000001800000000000000000018000484                       
25   543924020720700420210805144445000000180000000153606900000000000115607022801000827078                    000001800000000000000000018000484                       
25   543924021993100520210805150405000001360000000018806700000000005150400724601000827953                    000013600000000000000000136000484                       
25   543924021993100520210805150405000001360000000018806700000000005150400724601000827953                    000013600000000000000000136000484                       
25   543924022623500220210805152721000001507650000553053900000000087799524962701000828890                    000015076500000000000000150765484                       
25   543924022623500220210805152721000001507650000553053900000000087799524962701000828890                    000015076500000000000000150765484                       
25   543924021995000520210805154608000011118240000019313000000000000029198030601000829631                    000111182400000000000001111824484                       
25   543924021995000520210805154608000011118240000019313000000000000029198030601000829631                    000111182400000000000001111824484                       
25   543924022084600220210805160738000000513000000086731800000000000000000004701000830539                    000005130000000000000000051300484                       
25   543924022084600220210805160738000000513000000086731800000000000000000004701000830539                    000005130000000000000000051300484                       
25   543924021961800820210805161303000000351500000183049500000000000129154232101000830771                    000003515000000000000000035150484                       
25   543924021961800820210805161303000000351500000183049500000000000129154232101000830771                    000003515000000000000000035150484                       
25   543924022089000020210805170714000001434700000076423500000000000010382903601000832786                    000014347000000000000000143470484                       
25   543924022089000020210805170714000001434700000076423500000000000010382903601000832786                    000014347000000000000000143470484                       
25   543924022087000220210805173548000000100000000028431700000000000000698626101000833854                    000001000000000000000000010000484                       
25   543924022087000220210805173548000000100000000028431700000000000000698626101000833854                    000001000000000000000000010000484                       
25   543924022007100720210805181324000000407000000013673300000000011fOGkBXM1k401000835262                    000004070000000000000000040700484                       
25   543924022007100720210805181324000000407000000013673300000000011fOGkBXM1k401000835262                    000004070000000000000000040700484                       
25   543924021128900620210805182720000002599000000073373300000000000029203242001000835856                    000025990000000000000000259900484                       
25   543924021128900620210805182720000002599000000073373300000000000029203242001000835856                    000025990000000000000000259900484                       
25   543924021961800820210805184142000000347210000183049500000000012172499014801000836407                    000003487700000000000000034877484                       
25   543924021961800820210805184142000000347210000183049500000000012172499014801000836407                    000003487700000000000000034877484                       
25   543924022623500220210805192846000000385130000553053900000000012175301240401000838309                    000003868600000000000000038686484                       
25   543924022623500220210805192846000000385130000553053900000000012175301240401000838309                    000003868600000000000000038686484                       
25   543924022084600220210805201623000000552990000086731800000000008050816220301000840214                    000005529900000000000000055299484                       
25   543924022084600220210805201623000000552990000086731800000000008050816220301000840214                    000005529900000000000000055299484                       
25   5439240219618008202108052040320000002465000001830495UBER* EAT08060019990701000841185                    000002465000000000000000024650484                       
25   5439240219618008202108052040320000002465000001830495UBER* EAT08060019990701000841185                    000002465000000000000000024650484                       
25   5439240220846002202108052138430000006908000000867318000000000WyyNH63YTl1g01000843258                    000006908000000000000000069080484                       
25   5439240220846002202108052138430000006908000000867318000000000WyyNH63YTl1g01000843258                    000006908000000000000000069080484                       
25   543924021995000520210805221617000000278800000019313000000000000000009048801000844343                    000002788000000000000000027880484                       
25   543924021995000520210805221617000000278800000019313000000000000000009048801000844343                    000002788000000000000000027880484                       
25   543924022417800620210805222946000000200600000032411000000000051799237567801000844678                    000002006000000000000000020060484                       
25   543924022417800620210805222946000000200600000032411000000000051799237567801000844678                    000002006000000000000000020060484                       
25   5439240219618008202108052243380000000123300001830495UBER* EAT08060062741301000845048                    000000123300000000000000001233484                       
25   5439240219618008202108052243380000000123300001830495UBER* EAT08060062741301000845048                    000000123300000000000000001233484                       
990000006000000000000000000000000000000000000000000000000000000000000000000000000000000000000000000000000000000000000000000000000000000000000000000000000000000000000
