19LOG_LIQ202108170000000000000000000000000000000000000000000000000000000000000000000000000000000000000000000000000000000000000000000000000000000000000000000000000000
25   543924021263600720210813121619000002070920000512677100000000088335436858801000082156                    000020709200000000000000207092484                       
25   543924021263600720210813121619000002070920000512677100000000088335436858801000082156                    000020709200000000000000207092484                       
25   543924022293500120210813163351000000669000000060184200000000012252105407401000093272                    000006690000000000000000066900484                       
25   543924022293500120210813163351000000669000000060184200000000012252105407401000093272                    000006690000000000000000066900484                       
25   543924021850900020210813181615000000488000000035989300000000000206800286101000098014                    000004880000000000000000048800484                       
25   543924021850900020210813181615000000488000000035989300000000000206800286101000098014                    000004880000000000000000048800484                       
25   543924022488100520210813195322000000549000000000047500000000000005441821801000102830                    000005490000000000000000054900484                       
25   543924022488100520210813195322000000549000000000047500000000000005441821801000102830                    000005490000000000000000054900484                       
25   543924022417800620210813221615000000113500000060869600000000000131238371101000108852                    000001135000000000000000011350484                       
25   543924022417800620210813221615000000113500000060869600000000000131238371101000108852                    000001135000000000000000011350484                       
25   543924022070500020210813224835000000677600000271351100000000000006795805501000109790                    000006776000000000000000067760484                       
25   543924022070500020210813224835000000677600000271351100000000000006795805501000109790                    000006776000000000000000067760484                       
25   543924022070500020210813232001000000023000000271351100000000000131248544001000110556                    000000230000000000000000002300484                       
25   543924022070500020210813232001000000023000000271351100000000000131248544001000110556                    000000230000000000000000002300484                       
25   543924022067700120210813235352000000328000000006852600000000000000000017401000111223                    000003280000000000000000032800484                       
25   543924022067700120210813235352000000328000000006852600000000000000000017401000111223                    000003280000000000000000032800484                       
25   543924022070500020210814004035000000062900000271351100000000000131255100501000111975                    000000629000000000000000006290484                       
25   543924022070500020210814004035000000062900000271351100000000000131255100501000111975                    000000629000000000000000006290484                       
25   543924022067000620210814075527000000116000000061224500000000021226002646501000115004                    000001160000000000000000011600484                       
25   543924022067000620210814075527000000116000000061224500000000021226002646501000115004                    000001160000000000000000011600484                       
25   5439240220677001202108140855160000001160000000068526000000000f1w3N1T8DU8o01000115918                    000001160000000000000000011600484                       
25   5439240220677001202108140855160000001160000000068526000000000f1w3N1T8DU8o01000115918                    000001160000000000000000011600484                       
25   543924022006000020210814090307000004434220000000012700000000000000000580202000116065                    000044342200000000000000443422484                       
25   543924022006000020210814090307000004434220000000012700000000000000000580202000116065                    000044342200000000000000443422484                       
25   543924022006000020210814110648000000095000000000012700000000000000000443101000119460                    000000950000000000000000009500484                       
25   543924022006000020210814110648000000095000000000012700000000000000000443101000119460                    000000950000000000000000009500484                       
25   543924022623500220210814111835000001430340000447279800000000012879210223501000119856                    000014367800000000000000143678484                       
25   543924022623500220210814111835000001430340000447279800000000012879210223501000119856                    000014367800000000000000143678484                       
25   543924022623500220210814112842000002354860000447279800000000038879210546401000120214                    000023654600000000000000236546484                       
25   543924022623500220210814112842000002354860000447279800000000038879210546401000120214                    000023654600000000000000236546484                       
25   543924022328700620210814112855000000100000000000020400000000000206860110301000120222                    000001000000000000000000010000484                       
25   543924022328700620210814112855000000100000000000020400000000000206860110301000120222                    000001000000000000000000010000484                       
25   543924022328700620210814112947000000145500000000020400000000000206860188001000120263                    000001455000000000000000014550484                       
25   543924022328700620210814112947000000145500000000020400000000000206860188001000120263                    000001455000000000000000014550484                       
25   543924022417800620210814113321000000201000000060869600000000067834235711901000120400                    000002010000000000000000020100484                       
25   543924022417800620210814113321000000201000000060869600000000067834235711901000120400                    000002010000000000000000020100484                       
25   5439240207207004202108141137150000005600000001023384000000000ZQoQnh01pPOA01000120545                    000005600000000000000000056000484                       
25   5439240207207004202108141137150000005600000001023384000000000ZQoQnh01pPOA01000120545                    000005600000000000000000056000484                       
25   543924021084600420210814115326000002530740000005205200000000000002860113002000121144                    000025307400000000000000253074484                       
25   543924021084600420210814115326000002530740000005205200000000000002860113002000121144                    000025307400000000000000253074484                       
25   543924021973200720210814120734000000265000001064181800000000000000000001101000121712                    000002915000000000000000029150484                       
25   543924021973200720210814120734000000265000001064181800000000000000000001101000121712                    000002915000000000000000029150484                       
25   543924020720700420210814120944000000271000000102338400000000006072541164601000121797                    000002710000000000000000027100484                       
25   543924020720700420210814120944000000271000000102338400000000006072541164601000121797                    000002710000000000000000027100484                       
25   543924022008800120210814121933000001800000000000582000000000000000004760501000122184                    000018000000000000000000180000484                       
25   543924022008800120210814121933000001800000000000582000000000000000004760501000122184                    000018000000000000000000180000484                       
25   543924021258200320210814123432000000158000001090312700000000021226005212301000122791                    000001580000000000000000015800484                       
25   543924021258200320210814123432000000158000001090312700000000021226005212301000122791                    000001580000000000000000015800484                       
25   543924021251400620210814123552000004934220000000769900000000000000000051202000122848                    000049342200000000000000493422484                       
25   543924021251400620210814123552000004934220000000769900000000000000000051202000122848                    000049342200000000000000493422484                       
25   543924021548800020210814131847000000193540001700832600000000012263434614501000124708                    000001944100000000000000019441484                       
25   543924021548800020210814131847000000193540001700832600000000012263434614501000124708                    000001944100000000000000019441484                       
25   543924022070500020210814131901000001092000000271351100000000000000000024201000124723                    000010920000000000000000109200484                       
25   543924022070500020210814131901000001092000000271351100000000000000000024201000124723                    000010920000000000000000109200484                       
25   543924022328700620210814140124000000090000000000020400000000094415334120901000126720                    000000900000000000000000009000484                       
25   543924022328700620210814140124000000090000000000020400000000094415334120901000126720                    000000900000000000000000009000484                       
25   543924021856900420210814144617000005640560000005286300000000032750170993801000128807                    000056405600000000000000564056484                       
25   543924021856900420210814144617000005640560000005286300000000032750170993801000128807                    000056405600000000000000564056484                       
25   543924021973200720210814145441000000860000001064181800000000000000000012501000129214                    000008600000000000000000086000484                       
25   543924021973200720210814145441000000860000001064181800000000000000000012501000129214                    000008600000000000000000086000484                       
25   543924021856900420210814145509000006370810000005286300000000098966874161101000129236                    000063708100000000000000637081484                       
25   543924021856900420210814145509000006370810000005286300000000098966874161101000129236                    000063708100000000000000637081484                       
25   543924022417800620210814150416000000691010000060869600000000008140304159401000129704                    000006910100000000000000069101484                       
25   543924022417800620210814150416000000691010000060869600000000008140304159401000129704                    000006910100000000000000069101484                       
25   543924022067000620210814153002000000053000000061224500000000000131391900601000130955                    000000530000000000000000005300484                       
25   543924022067000620210814153002000000053000000061224500000000000131391900601000130955                    000000530000000000000000005300484                       
25   543924021206200620210814154148000000186690000520880900000000000003266467901000131500                    000001875300000000000000018753484                       
25   543924021206200620210814154148000000186690000520880900000000000003266467901000131500                    000001875300000000000000018753484                       
25   543924021084600420210814154923000001846000000005205200000000008141549222501000131804                    000018460000000000000000184600484                       
25   543924021084600420210814154923000001846000000005205200000000008141549222501000131804                    000018460000000000000000184600484                       
25   543924021380900920210814164954000000300000000362624400000000097612461967701000134557                    000003000000000000000000030000484                       
25   543924021380900920210814164954000000300000000362624400000000097612461967701000134557                    000003000000000000000000030000484                       
25   543924022067000620210814170431000000716810000061224500000000077833005765001000135216                    000007168100000000000000071681484                       
25   543924022067000620210814170431000000716810000061224500000000077833005765001000135216                    000007168100000000000000071681484                       
25   543924021961800820210814170503000000210000000087676100000000000131428235201000135243                    000002100000000000000000021000484                       
25   543924021961800820210814170503000000210000000087676100000000000131428235201000135243                    000002100000000000000000021000484                       
25   543924022328700620210814171214000000215000000000020400000000012262206383601000135574                    000002150000000000000000021500484                       
25   543924022328700620210814171214000000215000000000020400000000012262206383601000135574                    000002150000000000000000021500484                       
25   543924022297000820210814171412000000176800000048837100000000048850833530801000135672                    000001768000000000000000017680484                       
25   543924022297000820210814171412000000176800000048837100000000048850833530801000135672                    000001768000000000000000017680484                       
25   543924022417800620210814172314000000065000000060869600000000012262201762901000136060                    000000650000000000000000006500484                       
25   543924022417800620210814172314000000065000000060869600000000012262201762901000136060                    000000650000000000000000006500484                       
25   543924021147100020210814183548000000504000000435773300000000011007204402901000139212                    000005040000000000000000050400484                       
25   543924021147100020210814183548000000504000000435773300000000011007204402901000139212                    000005040000000000000000050400484                       
25   543924021258200320210814190739000000116000001090312700000000000370808141901000140561                    000001160000000000000000011600484                       
25   543924021258200320210814190739000000116000001090312700000000000370808141901000140561                    000001160000000000000000011600484                       
25   543924022417800620210814191140000000883450000060869600000000063506257358401000140740                    000008834500000000000000088345484                       
25   543924022417800620210814191140000000883450000060869600000000063506257358401000140740                    000008834500000000000000088345484                       
25   543924022321200420210814192436000000178000000023900200000000000206914089001000141293                    000001780000000000000000017800484                       
25   543924022321200420210814192436000000178000000023900200000000000206914089001000141293                    000001780000000000000000017800484                       
25   543924021844400020210814195338000000500000000023721800000000000206917451201000142468                    000005000000000000000000050000484                       
25   543924021844400020210814195338000000500000000023721800000000000206917451201000142468                    000005000000000000000000050000484                       
25   543924021820700120210814204119000000112500000049233500000000000000000021201000144247                    000001125000000000000000011250484                       
25   543924021820700120210814204119000000112500000049233500000000000000000021201000144247                    000001125000000000000000011250484                       
25   543924022297000820210814204739000000405000000048837100000000012270101302201000144515                    000004050000000000000000040500484                       
25   543924022297000820210814204739000000405000000048837100000000012270101302201000144515                    000004050000000000000000040500484                       
25   543924022297000820210814211149000000169000000048837100000000000131515867601000145414                    000001690000000000000000016900484                       
25   543924022297000820210814211149000000169000000048837100000000000131515867601000145414                    000001690000000000000000016900484                       
25   543924021961800820210814223152000000287970000087676100000000012272005927301000147869                    000002892700000000000000028927484                       
25   543924021961800820210814223152000000287970000087676100000000012272005927301000147869                    000002892700000000000000028927484                       
25   543924021854800820210814225113000000159000000103378100000000012270329152601000148339                    000001590000000000000000015900484                       
25   543924021854800820210814225113000000159000000103378100000000012270329152601000148339                    000001590000000000000000015900484                       
25   543924021541700920210814231354000003146400001452568800000000000000000044701000148859                    000031464000000000000000314640484                       
25   543924021541700920210814231354000003146400001452568800000000000000000044701000148859                    000031464000000000000000314640484                       
25   543924022321200420210815003443000000369900000023900200000000000131548875701000150422                    000003699000000000000000036990484                       
25   543924022321200420210815003443000000369900000023900200000000000131548875701000150422                    000003699000000000000000036990484                       
25   543924021052200120210815004548000000702940001295175800000000012270510411001000150555                    000007061000000000000000070610484                       
25   543924021052200120210815004548000000702940001295175800000000012270510411001000150555                    000007061000000000000000070610484                       
25   543924022297000820210815010420000000234280000048837100000000067834353071801000150783                    000002342800000000000000023428484                       
25   543924022297000820210815010420000000234280000048837100000000067834353071801000150783                    000002342800000000000000023428484                       
25   543924022297000820210815010420000000234280000048837100000000067834353071801000150783                    000002342800000000000000023428484                       
25   543924021820700120210815093414000002000000000049233500000000043146545065501000154585                    000020000000000000000000200000484                       
25   543924021820700120210815093414000002000000000049233500000000043146545065501000154585                    000020000000000000000000200000484                       
25   543924022016900920210815113629000000245200000031024000000000000000000955201000157527                    000002452000000000000000024520484                       
25   543924022016900920210815113629000000245200000031024000000000000000000955201000157527                    000002452000000000000000024520484                       
25   543924022297000820210815142821000000119000000048837100000000000206968799901000163747                    000001190000000000000000011900484                       
25   543924022297000820210815142821000000119000000048837100000000000206968799901000163747                    000001190000000000000000011900484                       
25   543924022297000820210815142904000000059000000048837100000000000206968868301000163778                    000000590000000000000000005900484                       
25   543924022297000820210815142904000000059000000048837100000000000206968868301000163778                    000000590000000000000000005900484                       
25   543924021854800820210815144715000001550000000103378100000000000000000000101000164540                    000015500000000000000000155000484                       
25   543924021854800820210815144715000001550000000103378100000000000000000000101000164540                    000015500000000000000000155000484                       
25   543924021084600420210815145256000000559050000005205200000000012274949773901000164748                    000005590500000000000000055905484                       
25   543924021084600420210815145256000000559050000005205200000000012274949773901000164748                    000005590500000000000000055905484                       
25   543924022070500020210815153406000000308000000271351100000000008151534058201000166411                    000003080000000000000000030800484                       
25   543924022070500020210815153406000000308000000271351100000000008151534058201000166411                    000003080000000000000000030800484                       
25   543924021961800820210815155452000000259500000087676100000000000131675057701000167266                    000002595000000000000000025950484                       
25   543924021961800820210815155452000000259500000087676100000000000131675057701000167266                    000002595000000000000000025950484                       
25   543924022067000620210815165844000000328950000061224500000000008150458427401000169810                    000003289500000000000000032895484                       
25   543924022067000620210815165844000000328950000061224500000000008150458427401000169810                    000003289500000000000000032895484                       
25   543924022087000220210815171227000000245500000002295700000000000131699901501000170373                    000002455000000000000000024550484                       
25   543924022087000220210815171227000000245500000002295700000000000131699901501000170373                    000002455000000000000000024550484                       
25   543924022417800620210815172320000000499000000060869600000000021227094893901000170831                    000004990000000000000000049900484                       
25   543924022417800620210815172320000000499000000060869600000000021227094893901000170831                    000004990000000000000000049900484                       
25   5439240223212004202108151747390000002698000000239002UBER* EAT08150055320101000171809                    000002698000000000000000026980484                       
25   5439240223212004202108151747390000002698000000239002UBER* EAT08150055320101000171809                    000002698000000000000000026980484                       
25   5439240213809009202108151756300000003069000003626244000000000H5UZ0MyZTYHv01000172179                    000003069000000000000000030690484                       
25   5439240213809009202108151756300000003069000003626244000000000H5UZ0MyZTYHv01000172179                    000003069000000000000000030690484                       
25   543924021961800820210815181601000000149000000087676100000000093834459678501000172901                    000001490000000000000000014900484                       
25   543924021961800820210815181601000000149000000087676100000000093834459678501000172901                    000001490000000000000000014900484                       
25   543924021084600420210815182421000000175270000005205200000000012273232572501000173201                    000001752700000000000000017527484                       
25   543924021084600420210815182421000000175270000005205200000000012273232572501000173201                    000001752700000000000000017527484                       
25   5439240223212004202108151926060000000102000000239002UBER* EAT08160051881701000175516                    000000102000000000000000001020484                       
25   5439240223212004202108151926060000000102000000239002UBER* EAT08160051881701000175516                    000000102000000000000000001020484                       
25   543924022070500020210815200040000000480760000271351100000000000206997506001000176787                    000004807600000000000000048076484                       
25   543924022070500020210815200040000000480760000271351100000000000206997506001000176787                    000004807600000000000000048076484                       
25   543924021844400020210815200146000000264000000023721800000000000000014191501000176817                    000002640000000000000000026400484                       
25   543924021844400020210815200146000000264000000023721800000000000000014191501000176817                    000002640000000000000000026400484                       
25   543924022417800620210815200337000000065500000060869600000000000131750740401000176864                    000000655000000000000000006550484                       
25   543924022417800620210815200337000000065500000060869600000000000131750740401000176864                    000000655000000000000000006550484                       
25   543924022297000820210815211542000000049150000048837100000000093834486036201000179370                    000000491500000000000000004915484                       
25   543924022297000820210815211542000000049150000048837100000000093834486036201000179370                    000000491500000000000000004915484                       
25   543924022070500020210815225453000000132250000271351100000000077833048189101000181822                    000001322500000000000000013225484                       
25   543924022070500020210815225453000000132250000271351100000000077833048189101000181822                    000001322500000000000000013225484                       
25   543924021136600220210816054038000008672500001097823400000000000000000193401000184608                    000087115300000000000000871153484                       
25   543924021136600220210816054038000008672500001097823400000000000000000193401000184608                    000087115300000000000000871153484                       
25   543924021136600220210816063549000001875130001097823400000000000000003503701000184849                    000018835700000000000000188357484                       
25   543924021136600220210816063549000001875130001097823400000000000000003503701000184849                    000018835700000000000000188357484                       
25   543924021961800820210816090117000000139000000087676100000000067834523367701000186568                    000001390000000000000000013900484                       
25   543924021961800820210816090117000000139000000087676100000000067834523367701000186568                    000001390000000000000000013900484                       
25   543924022067000620210816103233000000706130000061224500000000000000000016501000188863                    000007061300000000000000070613484                       
25   543924022067000620210816103233000000706130000061224500000000000000000016501000188863                    000007061300000000000000070613484                       
25   543924021973200720210816111107000000110890001064181800000000000143827598701000190019                    000001108900000000000000011089484                       
25   543924021973200720210816111107000000110890001064181800000000000143827598701000190019                    000001108900000000000000011089484                       
25   5439240220677001202108161151070000000599900000068526UBER* PEN08160072665601000191263                    000000499900000000000000004999484                       
25   5439240220677001202108161151070000000599900000068526UBER* PEN08160072665601000191263                    000000499900000000000000004999484                       
25   543924022067700120210816122047000000050000000006852600000000011007218029101000192289                    000000500000000000000000005000484                       
25   543924022067700120210816122047000000050000000006852600000000011007218029101000192289                    000000500000000000000000005000484                       
25   543924020640800920210816133057000000268310001144118000000000000000910251701000194883                    000002695200000000000000026952484                       
25   543924020640800920210816133057000000268310001144118000000000000000910251701000194883                    000002695200000000000000026952484                       
25   543924022297000820210816133131000000099000000048837100000000000000000026701000194912                    000000990000000000000000009900484                       
25   543924022297000820210816133131000000099000000048837100000000000000000026701000194912                    000000990000000000000000009900484                       
25   543924021840000220210816143318000000120000000074795000000000045107470493901000197288                    000001200000000000000000012000484                       
25   543924021840000220210816143318000000120000000074795000000000045107470493901000197288                    000001200000000000000000012000484                       
25   543924020739600520210816151441000001035000000285205300000000000000000015101000198976                    000010350000000000000000103500484                       
25   543924020739600520210816151441000001035000000285205300000000000000000015101000198976                    000010350000000000000000103500484                       
25   543924021263600720210816152333000000291000000512677100000000000000000003501000199317                    000002910000000000000000029100484                       
25   543924021263600720210816152333000000291000000512677100000000000000000003501000199317                    000002910000000000000000029100484                       
25   54392402126360072021081615343800000029100000051267710000000007UuW8H0p0tID01000199784                    000002910000000000000000029100484                       
25   54392402126360072021081615343800000029100000051267710000000007UuW8H0p0tID01000199784                    000002910000000000000000029100484                       
25   543924022067700120210816160150000000112400000006852600000000000131932842501000200917                    000001124000000000000000011240484                       
25   543924022067700120210816160150000000112400000006852600000000000131932842501000200917                    000001124000000000000000011240484                       
25   543924022089000020210816160650000000569200000122591100000000000780001001101000201111                    000005692000000000000000056920484                       
25   543924022089000020210816160650000000569200000122591100000000000780001001101000201111                    000005692000000000000000056920484                       
25   543924022067000620210816160840000001034800000061224500000000020281600573202000201186                    000010348000000000000000103480484                       
25   543924022067000620210816160840000001034800000061224500000000020281600573202000201186                    000010348000000000000000103480484                       
25   543924022016900920210816161505000000032830000031024000000000051834130375101000201430                    000000328300000000000000003283484                       
25   543924022016900920210816161505000000032830000031024000000000051834130375101000201430                    000000328300000000000000003283484                       
25   543924022070500020210816170648000000449900000271351100000000012282201081801000203364                    000004499000000000000000044990484                       
25   543924022070500020210816170648000000449900000271351100000000012282201081801000203364                    000004499000000000000000044990484                       
25   5439240220150009202108161821110000059801600000599557000000000      51268802000206127                    000059801600000000000000598016484                       
25   5439240220150009202108161821110000059801600000599557000000000      51268802000206127                    000059801600000000000000598016484                       
25   543924020720700420210816182218000000585000000102338400000000077833073837301000206180                    000005850000000000000000058500484                       
25   543924020720700420210816182218000000585000000102338400000000077833073837301000206180                    000005850000000000000000058500484                       
25   543924021961800820210816190233000000221000000087676100000000000131990020801000207916                    000002210000000000000000022100484                       
25   543924021961800820210816190233000000221000000087676100000000000131990020801000207916                    000002210000000000000000022100484                       
25   543924022070500020210816190347000001664810000271351100000000087833537256101000207952                    000016648100000000000000166481484                       
25   543924022070500020210816190347000001664810000271351100000000087833537256101000207952                    000016648100000000000000166481484                       
25   543924022623500220210816190457000002751840000447279800000000000001242652701000208001                    000027642200000000000000276422484                       
25   543924022623500220210816190457000002751840000447279800000000000001242652701000208001                    000027642200000000000000276422484                       
25   5439240220169009202108161911180000000399300000310240UBER* PEN08170021859901000208238                    000000399300000000000000003993484                       
25   5439240220169009202108161911180000000399300000310240UBER* PEN08170021859901000208238                    000000399300000000000000003993484                       
25   543924021850900020210816191843000000459000000035989300000000068775945953201000208543                    000004590000000000000000045900484                       
25   543924021850900020210816191843000000459000000035989300000000068775945953201000208543                    000004590000000000000000045900484                       
25   543924022070500020210816194324000000026500000271351100000000000132001884901000209540                    000000265000000000000000002650484                       
25   543924022070500020210816194324000000026500000271351100000000000132001884901000209540                    000000265000000000000000002650484                       
25   543924021840000220210816200717000000345000000074795000000000003118208162001000210573                    000003450000000000000000034500484                       
25   543924021840000220210816200717000000345000000074795000000000003118208162001000210573                    000003450000000000000000034500484                       
25   543924021850900020210816201209000001411630000035989300000000000091341533401000210773                    000014116300000000000000141163484                       
25   543924021850900020210816201209000001411630000035989300000000000091341533401000210773                    000014116300000000000000141163484                       
25   543924021840000220210816201333000000160000000074795000000000003118308162001000210832                    000001600000000000000000016000484                       
25   543924021840000220210816201333000000160000000074795000000000003118308162001000210832                    000001600000000000000000016000484                       
25   543924022007100720210816204057000000309900000009033300000000000000000190001000211888                    000003099000000000000000030990484                       
25   543924022007100720210816204057000000309900000009033300000000000000000190001000211888                    000003099000000000000000030990484                       
25   543924021961800820210816212209000000475800000087676100000000012290231377101000213399                    000004758000000000000000047580484                       
25   543924021961800820210816212209000000475800000087676100000000012290231377101000213399                    000004758000000000000000047580484                       
25   543924022623500220210816223811000000099300000447279800000000000006614801401000215521                    000000997500000000000000009975484                       
25   543924022623500220210816223811000000099300000447279800000000000006614801401000215521                    000000997500000000000000009975484                       
25   543924022087000220210816224752000000060180000002295700000000077833081414201000215736                    000000601800000000000000006018484                       
25   543924022087000220210816224752000000060180000002295700000000077833081414201000215736                    000000601800000000000000006018484                       
25   543924022067700120210817091953000000000000000006852600000000012291430468901000221104                    000000000000000000000000000000484                       
990000022000000000000000000000000000000000000000000000000000000000000000000000000000000000000000000000000000000000000000000000000000000000000000000000000000000000000
