19LOG_LIQ202108070000000000000000000000000000000000000000000000000000000000000000000000000000000000000000000000000000000000000000000000000000000000000000000000000000
25   543924021084600420210805121221000003741000000049522000000000021217049635301000821036                    000037410000000000000000374100484                       
25   543924021084600420210805121221000003741000000049522000000000021217049635301000821036                    000037410000000000000000374100484                       
25   543924021084600420210805121221000003741000000049522000000000021217049635301000821036                    000037410000000000000000374100484                       
25   5439240215488000202108051218530000003179500017805187000000000 1129059054501000821258                    000003179500000000000000031795484                       
25   5439240215488000202108051218530000003179500017805187000000000 1129059054501000821258                    000003179500000000000000031795484                       
25   543924022417800620210805161518000000338400000027021000000000000129154875901000830863                    000003384000000000000000033840484                       
25   543924022417800620210805161518000000338400000027021000000000000129154875901000830863                    000003384000000000000000033840484                       
25   543924021541700920210805235501000000451910001602833100000000051799248024201000846489                    000004519100000000000000045191484                       
25   543924021541700920210805235501000000451910001602833100000000051799248024201000846489                    000004519100000000000000045191484                       
25   543924022625300520210806022218000012350000000641496100000000092000219699801000848086                    000123500000000000000001235000484                       
25   543924022625300520210806022218000012350000000641496100000000092000219699801000848086                    000123500000000000000001235000484                       
25   543924022084600220210806034445000000215000000066535900000000000000000055001000848464                    000002150000000000000000021500484                       
25   543924022084600220210806034445000000215000000066535900000000000000000055001000848464                    000002150000000000000000021500484                       
25   543924022084600220210806034552000000450000000066535900000000067800117911601000848469                    000004500000000000000000045000484                       
25   543924022084600220210806034552000000450000000066535900000000067800117911601000848469                    000004500000000000000000045000484                       
25   543924020720700420210806061534000000063000000151806900000000000206139321301000849055                    000000630000000000000000006300484                       
25   543924020720700420210806061534000000063000000151806900000000000206139321301000849055                    000000630000000000000000006300484                       
25   543924022368100020210806081018000000999000000016353800000000000000000066801000849990                    000009990000000000000000099900484                       
25   543924022368100020210806081018000000999000000016353800000000000000000066801000849990                    000009990000000000000000099900484                       
25   543924021147100020210806091545000000157500000513389100000000000129295678601000851114                    000001575000000000000000015750484                       
25   543924021147100020210806091545000000157500000513389100000000000129295678601000851114                    000001575000000000000000015750484                       
25   5439240205975008202108060953490000016290000003872602000000000         29002000851962                    000016290000000000000000162900484                       
25   5439240205975008202108060953490000016290000003872602000000000         29002000851962                    000016290000000000000000162900484                       
25   5439240212636007202108061017320000013600000001262576000000000B4DbxxUBKg3k01000852596                    000013600000000000000000136000484                       
25   5439240212636007202108061017320000013600000001262576000000000B4DbxxUBKg3k01000852596                    000013600000000000000000136000484                       
25   543924020739600520210806103415000000555750000128580000000000000000000020001000853059                    000005557500000000000000055575484                       
25   543924020739600520210806103415000000555750000128580000000000000000000020001000853059                    000005557500000000000000055575484                       
25   543924021263600720210806113305000000021440000126257600000000000034380736801000854787                    000000214400000000000000002144484                       
25   543924021263600720210806113305000000021440000126257600000000000034380736801000854787                    000000214400000000000000002144484                       
25   543924021263600720210806115108000000125000000126257600000000008061113943801000855398                    000001250000000000000000012500484                       
25   543924021263600720210806115108000000125000000126257600000000008061113943801000855398                    000001250000000000000000012500484                       
25   543924021995000520210806123354000000053800000045242600000000037338325046501000856854                    000000538000000000000000005380484                       
25   543924021995000520210806123354000000053800000045242600000000037338325046501000856854                    000000538000000000000000005380484                       
25   543924021263600720210806124232000000137890000126257600000000000000000088301000857174                    000001378900000000000000013789484                       
25   543924021263600720210806124232000000137890000126257600000000000000000088301000857174                    000001378900000000000000013789484                       
25   543924021084600420210806124703000000500000000049522000000000077798912812001000857350                    000005000000000000000000050000484                       
25   543924021084600420210806124703000000500000000049522000000000077798912812001000857350                    000005000000000000000000050000484                       
25   543924021263600720210806124753000000750000000126257600000000051569266216201000857378                    000007500000000000000000075000484                       
25   543924021263600720210806124753000000750000000126257600000000051569266216201000857378                    000007500000000000000000075000484                       
25   5439240207207004202108061306310000005700000001518069000000000kkvCJkV0VyWj01000858080                    000005700000000000000000057000484                       
25   5439240207207004202108061306310000005700000001518069000000000kkvCJkV0VyWj01000858080                    000005700000000000000000057000484                       
25   5439240215417009202108061404540000043853600016028331000000000qusuu81fjabr01000860408                    000043853600000000000000438536484                       
25   5439240215417009202108061404540000043853600016028331000000000qusuu81fjabr01000860408                    000043853600000000000000438536484                       
25   543924022084600220210806142018000000522000000066535900000000021409716012201000861087                    000005220000000000000000052200484                       
25   543924022084600220210806142018000000522000000066535900000000021409716012201000861087                    000005220000000000000000052200484                       
25   543924021995000520210806144201000000042110000045242600000000093800891554301000862009                    000000421100000000000000004211484                       
25   543924021995000520210806144201000000042110000045242600000000093800891554301000862009                    000000421100000000000000004211484                       
25   543924021973200720210806151822000000100000000900284600000000000886358311201000863489                    000001000000000000000000010000484                       
25   543924021973200720210806151822000000100000000900284600000000000886358311201000863489                    000001000000000000000000010000484                       
25   543924021961800820210806153403000000488000000173474100000000000000000017801000864226                    000004880000000000000000048800484                       
25   543924021961800820210806153403000000488000000173474100000000000000000017801000864226                    000004880000000000000000048800484                       
25   543924021961800820210806161358000000168000000173474100000000000129407586101000865879                    000001680000000000000000016800484                       
25   543924021961800820210806161358000000168000000173474100000000000129407586101000865879                    000001680000000000000000016800484                       
25   543924021973200720210806162456000016759660000900284600000000087799563400701000866333                    000167596600000000000001675966484                       
25   543924021973200720210806162456000016759660000900284600000000087799563400701000866333                    000167596600000000000001675966484                       
25   543924021084600420210806171243000000107000000049522000000000012182206368401000868199                    000001070000000000000000010700484                       
25   543924021084600420210806171243000000107000000049522000000000012182206368401000868199                    000001070000000000000000010700484                       
25   543924021995000520210806182623000000095360000045242600000000051799357927901000871244                    000000953600000000000000009536484                       
25   543924021995000520210806182623000000095360000045242600000000051799357927901000871244                    000000953600000000000000009536484                       
25   543924021084600420210806183057000000790000000049522000000000000000000004701000871444                    000007900000000000000000079000484                       
25   543924021084600420210806183057000000790000000049522000000000000000000004701000871444                    000007900000000000000000079000484                       
25   543924021995000520210806185625000000075350000045242600000000051799362402001000872573                    000000753500000000000000007535484                       
25   543924021995000520210806185625000000075350000045242600000000051799362402001000872573                    000000753500000000000000007535484                       
25   543924021995000520210806192219000000051720000045242600000000093800932808001000873728                    000000517200000000000000005172484                       
25   543924021995000520210806192219000000051720000045242600000000093800932808001000873728                    000000517200000000000000005172484                       
25   543924020720700420210806201126000000480000000151806900000000000000000010101000875813                    000004800000000000000000048000484                       
25   543924020720700420210806201126000000480000000151806900000000000000000010101000875813                    000004800000000000000000048000484                       
25   543924022368100020210806201451000000117500000016353800000000000129491762101000875937                    000001175000000000000000011750484                       
25   543924022368100020210806201451000000117500000016353800000000000129491762101000875937                    000001175000000000000000011750484                       
25   543924021995000520210806201648000000043470000045242600000000093800940770801000876030                    000000434700000000000000004347484                       
25   543924021995000520210806201648000000043470000045242600000000093800940770801000876030                    000000434700000000000000004347484                       
25   543924022089000020210806203543000000400000000057076500000000000206218270001000876780                    000004000000000000000000040000484                       
25   543924022089000020210806203543000000400000000057076500000000000206218270001000876780                    000004000000000000000000040000484                       
25   543924022625300520210807050651000000000000000641496100000000012191031898101000884691                    000000000000000000000000000000484                       
990000007400000000000000000000000000000000000000000000000000000000000000000000000000000000000000000000000000000000000000000000000000000000000000000000000000000000000
