19LOG_LIQ202108130000000000000000000000000000000000000000000000000000000000000000000000000000000000000000000000000000000000000000000000000000000000000000000000000000
25   543924021975600620210808202846000000734390000028019700000000008090308161101000941045                    000032125600000000000000321256484                       
25   543924021975600620210808202846000000734390000028019700000000008090308161101000941045                    000032125600000000000000321256484                       
25   5439240219756006202108090417200000125320700000280197LUFTHANSA12210949560201000946803                    000125884600000000000001258846484                       
25   5439240219756006202108090417200000125320700000280197LUFTHANSA12210949560201000946803                    000125884600000000000001258846484                       
25   543924021809900220210810112923000000479000000753959500000000062861293377401000984295                    000004790000000000000000047900484                       
25   543924021809900220210810112923000000479000000753959500000000062861293377401000984295                    000004790000000000000000047900484                       
25   543924020640800920210810134859000006915880001145589200000000012221803744701000988952                    000069470000000000000000694700484                       
25   543924020640800920210810134859000006915880001145589200000000012221803744701000988952                    000069470000000000000000694700484                       
25   543924021548800020210810190810000000216300001727170400000000012237731284001000000482                    000002172700000000000000021727484                       
25   543924021548800020210810190810000000216300001727170400000000012237731284001000000482                    000002172700000000000000021727484                       
25   543924021548800020210810190819000000260040001727170400000000012233939341601000000485                    000002612100000000000000026121484                       
25   543924021548800020210810190819000000260040001727170400000000012233939341601000000485                    000002612100000000000000026121484                       
25   543924021973200720210810201443000000135830001076591800000000082448049838001000002943                    000001358300000000000000013583484                       
25   543924021973200720210810201443000000135830001076591800000000082448049838001000002943                    000001358300000000000000013583484                       
25   543924021136600220210811052918000001350020001144321300000000000000008880901000010190                    000013561000000000000000135610484                       
25   543924021136600220210811052918000001350020001144321300000000000000008880901000010190                    000013561000000000000000135610484                       
25   543924021136600220210811054900000000945440001144321300000000000000002465501000010261                    000009496900000000000000094969484                       
25   543924021136600220210811054900000000945440001144321300000000000000002465501000010261                    000009496900000000000000094969484                       
25   543924021136600220210811063817000001060730001144321300000000000000000153701000010474                    000010655000000000000000106550484                       
25   543924021136600220210811063817000001060730001144321300000000000000000153701000010474                    000010655000000000000000106550484                       
25   543924022067000620210811075710000000116000000094882100000000021223076221901000011050                    000001160000000000000000011600484                       
25   543924022067000620210811075710000000116000000094882100000000021223076221901000011050                    000001160000000000000000011600484                       
25   543924021136600220210811084211000003480680001144321300000000000000000167601000011653                    000034963400000000000000349634484                       
25   543924021136600220210811084211000003480680001144321300000000000000000167601000011653                    000034963400000000000000349634484                       
25   543924022089000020210811090334000000139000000123751100000000000000000038901000012015                    000001390000000000000000013900484                       
25   543924022089000020210811090334000000139000000123751100000000000000000038901000012015                    000001390000000000000000013900484                       
25   543924022070500020210811090426000000218900000330876200000000021223052472301000012026                    000002189000000000000000021890484                       
25   543924022070500020210811090426000000218900000330876200000000021223052472301000012026                    000002189000000000000000021890484                       
25   543924022067700120210811093136000000151000000022107600000000021223077144701000012565                    000001510000000000000000015100484                       
25   543924022067700120210811093136000000151000000022107600000000021223077144701000012565                    000001510000000000000000015100484                       
25   543924022070500020210811095254000000533600000330876200000000000030698756201000013042                    000005336000000000000000053360484                       
25   543924022070500020210811095254000000533600000330876200000000000030698756201000013042                    000005336000000000000000053360484                       
25   543924022087000220210811095415000000187810000024553600000000067833762229101000013078                    000001878100000000000000018781484                       
25   543924022087000220210811095415000000187810000024553600000000067833762229101000013078                    000001878100000000000000018781484                       
25   543924022070500020210811103554000000475140000330876200000000087833339841501000014088                    000004751400000000000000047514484                       
25   543924022070500020210811103554000000475140000330876200000000087833339841501000014088                    000004751400000000000000047514484                       
25   543924022089000020210811103950000002030740000123751100000000000004270141102000014211                    000020307400000000000000203074484                       
25   543924022089000020210811103950000002030740000123751100000000000004270141102000014211                    000020307400000000000000203074484                       
25   5439240218936005202108111053410000001760000000009812000000000WIfvKYXqDkAV01000014566                    000001760000000000000000017600484                       
25   5439240218936005202108111053410000001760000000009812000000000WIfvKYXqDkAV01000014566                    000001760000000000000000017600484                       
25   543924022084600220210811111730000000045000000001213500000000000000000007401000015182                    000000450000000000000000004500484                       
25   543924022084600220210811111730000000045000000001213500000000000000000007401000015182                    000000450000000000000000004500484                       
25   543924022087000220210811114723000000050000000024553600000000000000797117001000016072                    000000500000000000000000005000484                       
25   543924022087000220210811114723000000050000000024553600000000000000797117001000016072                    000000500000000000000000005000484                       
25   543924022084600220210811120920000000405390000001213500000000065130360192201000016768                    000004053900000000000000040539484                       
25   543924022084600220210811120920000000405390000001213500000000065130360192201000016768                    000004053900000000000000040539484                       
25   543924022388300220210811122758000000429460000110688900000000000000000003401000017378                    000004294600000000000000042946484                       
25   543924022388300220210811122758000000429460000110688900000000000000000003401000017378                    000004294600000000000000042946484                       
25   543924022067000620210811124315000000038000000094882100000000000130579867901000017845                    000000380000000000000000003800484                       
25   543924022067000620210811124315000000038000000094882100000000000130579867901000017845                    000000380000000000000000003800484                       
25   543924022067000620210811125121000000060000000094882100000000000034844205201000018140                    000000600000000000000000006000484                       
25   543924022067000620210811125121000000060000000094882100000000000034844205201000018140                    000000600000000000000000006000484                       
25   543924021263600720210811131505000000541000000071960500000000039100090121701000018911                    000005410000000000000000054100484                       
25   543924021263600720210811131505000000541000000071960500000000039100090121701000018911                    000005410000000000000000054100484                       
25   543924022368100020210811135115000000015500000043091800000000000130596751901000020222                    000000155000000000000000001550484                       
25   543924022368100020210811135115000000015500000043091800000000000130596751901000020222                    000000155000000000000000001550484                       
25   543924021263600720210811135305000000262000000071960500000000087833347386301000020284                    000002620000000000000000026200484                       
25   543924021263600720210811135305000000262000000071960500000000087833347386301000020284                    000002620000000000000000026200484                       
25   543924022089000020210811135635000000580000000123751100000000000000000163701000020429                    000005800000000000000000058000484                       
25   543924022089000020210811135635000000580000000123751100000000000000000163701000020429                    000005800000000000000000058000484                       
25   543924022293500120210811153650000000230000000071184200000000021223005689401000024151                    000002300000000000000000023000484                       
25   543924022293500120210811153650000000230000000071184200000000021223005689401000024151                    000002300000000000000000023000484                       
25   543924020720700420210811155119000000046000000115098400000000000130628733201000024611                    000000460000000000000000004600484                       
25   543924020720700420210811155119000000046000000115098400000000000130628733201000024611                    000000460000000000000000004600484                       
25   543924022293500120210811160243000000460000000071184200000000000000000119501000025033                    000004600000000000000000046000484                       
25   543924022293500120210811160243000000460000000071184200000000000000000119501000025033                    000004600000000000000000046000484                       
25   543924022623500220210811163834000000821040000507108400000000000003061867901000026366                    000009479200000000000000094792484                       
25   543924022623500220210811163834000000821040000507108400000000000003061867901000026366                    000009479200000000000000094792484                       
25   543924021893600520210811164854000000500000000000981200000000000000000011301000026722                    000005000000000000000000050000484                       
25   543924021893600520210811164854000000500000000000981200000000000000000011301000026722                    000005000000000000000000050000484                       
25   543924022625300520210811171535000000139960000314212300000000012232232343101000027702                    000001399600000000000000013996484                       
25   543924022625300520210811171535000000139960000314212300000000012232232343101000027702                    000001399600000000000000013996484                       
25   543924021380900920210811182511000000137000000369853400000000018254113948501000030183                    000001370000000000000000013700484                       
25   543924021380900920210811182511000000137000000369853400000000018254113948501000030183                    000001370000000000000000013700484                       
25   543924022070500020210811185031000000126900000330876200000000000130675918501000031118                    000001269000000000000000012690484                       
25   543924022070500020210811185031000000126900000330876200000000000130675918501000031118                    000001269000000000000000012690484                       
25   543924022084600220210811185856000000800000000001213500000000067833833320001000031443                    000008000000000000000000080000484                       
25   543924022084600220210811185856000000800000000001213500000000067833833320001000031443                    000008000000000000000000080000484                       
25   543924022070500020210811193001000000286000000330876200000000000034884331901000032592                    000002860000000000000000028600484                       
25   543924022070500020210811193001000000286000000330876200000000000034884331901000032592                    000002860000000000000000028600484                       
25   5439240212701009202108111935410000006358400000012842000000000      00206902000032800                    000006358400000000000000063584484                       
25   5439240212701009202108111935410000006358400000012842000000000      00206902000032800                    000006358400000000000000063584484                       
25   543924022070500020210811194457000000552590000330876200000000021223078651601000033126                    000005525900000000000000055259484                       
25   543924022070500020210811194457000000552590000330876200000000021223078651601000033126                    000005525900000000000000055259484                       
25   5439240212572004202108111947130000035348000000040565000000000        101602000033197                    000035348000000000000000353480484                       
25   5439240212572004202108111947130000035348000000040565000000000        101602000033197                    000035348000000000000000353480484                       
25   543924022070500020210811195226000000056500000330876200000000000130694905701000033400                    000000565000000000000000005650484                       
25   543924022070500020210811195226000000056500000330876200000000000130694905701000033400                    000000565000000000000000005650484                       
25   543924021961800820210811202433000000161500000134882900000000000130704397201000034535                    000001615000000000000000016150484                       
25   543924021961800820210811202433000000161500000134882900000000000130704397201000034535                    000001615000000000000000016150484                       
25   543924022368100020210811202948000000798000000043091800000000087833362662601000034712                    000007980000000000000000079800484                       
25   543924022368100020210811202948000000798000000043091800000000087833362662601000034712                    000007980000000000000000079800484                       
25   543924022067700120210811221512000000225000000022107600000000077832903151901000037958                    000002250000000000000000022500484                       
25   543924022067700120210811221512000000225000000022107600000000077832903151901000037958                    000002250000000000000000022500484                       
25   543924022067700120210811222714000000103500000022107600000000000130731435701000038239                    000001035000000000000000010350484                       
25   543924022067700120210811222714000000103500000022107600000000000130731435701000038239                    000001035000000000000000010350484                       
25   543924021136600220210812053548000001209720001144321300000000008120068625001000041602                    000012151600000000000000121516484                       
25   543924021136600220210812053548000001209720001144321300000000008120068625001000041602                    000012151600000000000000121516484                       
25   543924022067000620210812080817000000015720000094882100000000000000004179301000042661                    000000157200000000000000001572484                       
25   543924022067000620210812080817000000015720000094882100000000000000004179301000042661                    000000157200000000000000001572484                       
25   543924022067000620210812080920000001530740000094882100000000000006330240802000042671                    000015307400000000000000153074484                       
25   543924022067000620210812080920000001530740000094882100000000000006330240802000042671                    000015307400000000000000153074484                       
25   543924022067000620210812081517000000104000000094882100000000021224084744101000042753                    000001040000000000000000010400484                       
25   543924022067000620210812081517000000104000000094882100000000021224084744101000042753                    000001040000000000000000010400484                       
25   5439240205975008202108120903210000016290000006624575000000000        222702000043486                    000016290000000000000000162900484                       
25   5439240205975008202108120903210000016290000006624575000000000        222702000043486                    000016290000000000000000162900484                       
25   543924022067700120210812091853000000470000000022107600000000077832907817001000043794                    000004700000000000000000047000484                       
25   543924022067700120210812091853000000470000000022107600000000077832907817001000043794                    000004700000000000000000047000484                       
25   543924022070500020210812101716000000154000000330876200000000021224055029401000045109                    000001540000000000000000015400484                       
25   543924022070500020210812101716000000154000000330876200000000021224055029401000045109                    000001540000000000000000015400484                       
25   543924021548800020210812101818000000217320001727170400000000012244040807501000045139                    000002183000000000000000021830484                       
25   543924021548800020210812101818000000217320001727170400000000012244040807501000045139                    000002183000000000000000021830484                       
25   5439240223681000202108121041240000005801600000430918000000000c9oD2l06TrqL01000045701                    000005801600000000000000058016484                       
25   5439240223681000202108121041240000005801600000430918000000000c9oD2l06TrqL01000045701                    000005801600000000000000058016484                       
25   543924022368100020210812104626000000100400000043091800000000000130775411501000045841                    000001004000000000000000010040484                       
25   543924022368100020210812104626000000100400000043091800000000000130775411501000045841                    000001004000000000000000010040484                       
25   543924022067000620210812110346000000036540000094882100000000052081419713801000046344                    000000365400000000000000003654484                       
25   543924022067000620210812110346000000036540000094882100000000052081419713801000046344                    000000365400000000000000003654484                       
25   543924020597500820210812121835000004096220000662457500000000000000000025701000048573                    000040962200000000000000409622484                       
25   543924020597500820210812121835000004096220000662457500000000000000000025701000048573                    000040962200000000000000409622484                       
25   543924022368100020210812134020000000280160000043091800000000000000000005901000051248                    000002801600000000000000028016484                       
25   543924022368100020210812134020000000280160000043091800000000000000000005901000051248                    000002801600000000000000028016484                       
25   543924021258200320210812140919000000441750001099950200000000000130823644201000052324                    000004417500000000000000044175484                       
25   543924021258200320210812140919000000441750001099950200000000000130823644201000052324                    000004417500000000000000044175484                       
25   543924022368000220210812141611000000065000000004010000000000087833380848501000052568                    000000650000000000000000006500484                       
25   543924022368000220210812141611000000065000000004010000000000087833380848501000052568                    000000650000000000000000006500484                       
25   543924020720700420210812144225000000089000000115098400000000011007180178201000053591                    000000890000000000000000008900484                       
25   543924020720700420210812144225000000089000000115098400000000011007180178201000053591                    000000890000000000000000008900484                       
25   543924021548800020210812153015000000203920001727170400000000012243737148801000055385                    000002048400000000000000020484484                       
25   543924021548800020210812153015000000203920001727170400000000012243737148801000055385                    000002048400000000000000020484484                       
25   543924021084600420210812153202000000408040000012734600000000012244343134901000055455                    000004098800000000000000040988484                       
25   543924021084600420210812153202000000408040000012734600000000012244343134901000055455                    000004098800000000000000040988484                       
25   543924022067700120210812155409000000034500000022107600000000090000155001801000056323                    000000345000000000000000003450484                       
25   543924022067700120210812155409000000034500000022107600000000090000155001801000056323                    000000345000000000000000003450484                       
25   5439240220705000202108121601420000015125000003308762000000000o3pvJUEFau5301000056627                    000015125000000000000000151250484                       
25   5439240220705000202108121601420000015125000003308762000000000o3pvJUEFau5301000056627                    000015125000000000000000151250484                       
25   543924021263600720210812160417000000169000000071960500000000008121604162001000056732                    000001690000000000000000016900484                       
25   543924021263600720210812160417000000169000000071960500000000008121604162001000056732                    000001690000000000000000016900484                       
25   543924021263600720210812162552000000044000000071960500000000000050870028301000057511                    000000440000000000000000004400484                       
25   543924021263600720210812162552000000044000000071960500000000000050870028301000057511                    000000440000000000000000004400484                       
25   543924021263600720210812171645000000126000000071960500000000000000000029801000059343                    000001260000000000000000012600484                       
25   543924021263600720210812171645000000126000000071960500000000000000000029801000059343                    000001260000000000000000012600484                       
25   5439240212636007202108121727140000007253000000719605000000000Ep8QfvcBO1So01000059744                    000007253000000000000000072530484                       
25   5439240212636007202108121727140000007253000000719605000000000Ep8QfvcBO1So01000059744                    000007253000000000000000072530484                       
25   543924022368100020210812182815000000665010000043091800000000022879288848201000061956                    000006650100000000000000066501484                       
25   543924022368100020210812182815000000665010000043091800000000022879288848201000061956                    000006650100000000000000066501484                       
25   543924021893600520210812190732000000041500000000981200000000000130905910801000063430                    000000415000000000000000004150484                       
25   543924021893600520210812190732000000041500000000981200000000000130905910801000063430                    000000415000000000000000004150484                       
25   543924022087000220210812191525000000090500000024553600000000067833978930901000063726                    000000905000000000000000009050484                       
25   543924022087000220210812191525000000090500000024553600000000067833978930901000063726                    000000905000000000000000009050484                       
25   5439240223681000202108122107140000009800000000430918000000000SI7xAU1DPPCl01000068065                    000009800000000000000000098000484                       
25   5439240223681000202108122107140000009800000000430918000000000SI7xAU1DPPCl01000068065                    000009800000000000000000098000484                       
25   543924022067000620210812210819000000159000000094882100000000087833397271201000068107                    000001590000000000000000015900484                       
25   543924022067000620210812210819000000159000000094882100000000087833397271201000068107                    000001590000000000000000015900484                       
25   543924022067000620210812211319000000121000000094882100000000000000000304601000068291                    000001210000000000000000012100484                       
25   543924022067000620210812211319000000121000000094882100000000000000000304601000068291                    000001210000000000000000012100484                       
25   543924022087000220210812212136000001000150000024553600000000008120921352901000068591                    000010001500000000000000100015484                       
25   543924022087000220210812212136000001000150000024553600000000008120921352901000068591                    000010001500000000000000100015484                       
990000015800000000000000000000000000000000000000000000000000000000000000000000000000000000000000000000000000000000000000000000000000000000000000000000000000000000000
