19LOG_LIQ202108040000000000000000000000000000000000000000000000000000000000000000000000000000000000000000000000000000000000000000000000000000000000000000000000000000
25   5439240297320006202108011934110000002450000006826714000000000zbqujvxjdyg601000707090                    000002450000000000000000024500484                       
25   5439240297320006202108011934110000002450000006826714000000000zbqujvxjdyg601000707090                    000002450000000000000000024500484                       
25   543924021263600720210802104057000000237000000185573400000000080836207176701000720196                    000002370000000000000000023700484                       
25   543924021263600720210802104057000000237000000185573400000000080836207176701000720196                    000002370000000000000000023700484                       
25   543924022070500020210802113453000000040000000064890600000000012141603499801000721912                    000000400000000000000000004000484                       
25   543924022070500020210802113453000000040000000064890600000000012141603499801000721912                    000000400000000000000000004000484                       
25   543924021961800820210802223744000000784900000195235500000000091737050474301000745790                    000007849000000000000000078490484                       
25   543924021961800820210802223744000000784900000195235500000000091737050474301000745790                    000007849000000000000000078490484                       
25   543924022087000220210802233408000000473000000047871300000000000000000012501000746813                    000004730000000000000000047300484                       
25   543924022087000220210802233408000000473000000047871300000000000000000012501000746813                    000004730000000000000000047300484                       
25   543924022625300520210802233418000015057000000287809900000000000000000013301000746816                    000150570000000000000001505700484                       
25   543924022625300520210802233418000015057000000287809900000000000000000013301000746816                    000150570000000000000001505700484                       
25   543924021136600220210803043632000001554220001485236200000000000000000464801000748870                    000015612100000000000000156121484                       
25   543924021136600220210803043632000001554220001485236200000000000000000464801000748870                    000015612100000000000000156121484                       
25   543924021548800020210803050830000000150230001795372700000000012153737106701000748974                    000001509100000000000000015091484                       
25   543924021548800020210803050830000000150230001795372700000000012153737106701000748974                    000001509100000000000000015091484                       
25   543924021052200120210803061352000000476040001350705400000000000007045791501000749205                    000004781800000000000000047818484                       
25   543924021052200120210803061352000000476040001350705400000000000007045791501000749205                    000004781800000000000000047818484                       
25   543924022488100520210803091141000000063900000029429800000000051798820269601000751112                    000000639000000000000000006390484                       
25   543924022488100520210803091141000000063900000029429800000000051798820269601000751112                    000000639000000000000000006390484                       
25   543924022070500020210803102811000000899800000064890600000000015281000094901000752878                    000008998000000000000000089980484                       
25   543924022070500020210803102811000000899800000064890600000000015281000094901000752878                    000008998000000000000000089980484                       
25   543924021084600420210803104551000000257790000049671500000000012154747591901000753352                    000002589500000000000000025895484                       
25   543924021084600420210803104551000000257790000049671500000000012154747591901000753352                    000002589500000000000000025895484                       
25   5439240218936005202108031546490000002990000000150242000000000s7cn2k1rdcoi01000764333                    000002990000000000000000029900484                       
25   5439240218936005202108031546490000002990000000150242000000000s7cn2k1rdcoi01000764333                    000002990000000000000000029900484                       
25   543924022488100520210803154928000000068130000029429800000000067799750692501000764426                    000000681300000000000000006813484                       
25   543924022488100520210803154928000000068130000029429800000000067799750692501000764426                    000000681300000000000000006813484                       
25   543924021961800820210803173748000000179000000195235500000000067799765680101000768411                    000001790000000000000000017900484                       
25   543924021961800820210803173748000000179000000195235500000000067799765680101000768411                    000001790000000000000000017900484                       
25   543924022488100520210803174553000000260000000029429800000000008030545527301000768707                    000002600000000000000000026000484                       
25   543924022488100520210803174553000000260000000029429800000000008030545527301000768707                    000002600000000000000000026000484                       
25   543924022087000220210803175051000001065360000047871300000000008030550503001000768881                    000010653600000000000000106536484                       
25   543924022087000220210803175051000001065360000047871300000000008030550503001000768881                    000010653600000000000000106536484                       
25   543924021961800820210803190823000000496000000195235500000000093800488614001000771758                    000004960000000000000000049600484                       
25   543924021961800820210803190823000000496000000195235500000000093800488614001000771758                    000004960000000000000000049600484                       
25   543924021541700920210803192407000000099000001613722200000000012160049588701000772322                    000000990000000000000000009900484                       
25   543924021541700920210803192407000000099000001613722200000000012160049588701000772322                    000000990000000000000000009900484                       
25   543924022488100520210803193647000000100040000029429800000000067799781505401000772811                    000001000400000000000000010004484                       
25   543924022488100520210803193647000000100040000029429800000000067799781505401000772811                    000001000400000000000000010004484                       
25   543924022488100520210803213412000000042170000029429800000000067799797819301000776797                    000000421700000000000000004217484                       
25   543924022488100520210803213412000000042170000029429800000000067799797819301000776797                    000000421700000000000000004217484                       
25   543924020739600520210803214827000003149850000176940700000000002482600101901000777192                    000031498500000000000000314985484                       
25   543924020739600520210803214827000003149850000176940700000000002482600101901000777192                    000031498500000000000000314985484                       
25   543924021548800020210803220010000001009870001795372700000000012163636600201000777560                    000010144100000000000000101441484                       
25   543924021548800020210803220010000001009870001795372700000000012163636600201000777560                    000010144100000000000000101441484                       
25   543924022087000220210803224605000000878600000047871300000000000000000030901000778606                    000008786000000000000000087860484                       
25   543924022087000220210803224605000000878600000047871300000000000000000030901000778606                    000008786000000000000000087860484                       
25   543924022007100720210804095735000000000000000012834200000000012164444156001000784388                    000000000000000000000000000000484                       
990000004900000000000000000000000000000000000000000000000000000000000000000000000000000000000000000000000000000000000000000000000000000000000000000000000000000000000
